#Layer_Color=9474304
#
#Feature symbol names
#
$0 r5

#
#Feature attribute names
#

#
#Layer features
#
L 0.0341575 0.1338583 0.0461575 0.1338583 0 P 0
L 0.0341575 1.5338583 0.0461575 1.5338583 0 P 0
L 0.0401575 0.1278583 0.0401575 0.1398583 0 P 0
L 0.0401575 1.5278583 0.0401575 1.5398583 0 P 0
L 0.0841575 0.2338583 0.0961575 0.2338583 0 P 0
L 0.0841575 1.0338583 0.0961575 1.0338583 0 P 0
L 0.0841575 1.2338583 0.0961575 1.2338583 0 P 0
L 0.0841575 1.4338583 0.0961575 1.4338583 0 P 0
L 0.088264 1.082261 0.115824 1.082261 0 P 0
L 0.0882672 0.8822638 0.1158272 0.8822638 0 P 0
L 0.0882672 0.9822638 0.1158272 0.9822638 0 P 0
L 0.0882672 1.1812188 0.1158272 1.1812188 0 P 0
L 0.0882672 1.2822638 0.1158272 1.2822638 0 P 0
L 0.0882672 1.3822638 0.1158272 1.3822638 0 P 0
L 0.0882672 1.4822638 0.1158272 1.4822638 0 P 0
L 0.0901575 0.2278583 0.0901575 0.2398583 0 P 0
L 0.0901575 1.0278583 0.0901575 1.0398583 0 P 0
L 0.0901575 1.2278583 0.0901575 1.2398583 0 P 0
L 0.0901575 1.4278583 0.0901575 1.4398583 0 P 0
L 0.102044 1.068481 0.102044 1.096041 0 P 0
L 0.1020472 0.8684838 0.1020472 0.8960438 0 P 0
L 0.1020472 0.9684838 0.1020472 0.9960438 0 P 0
L 0.1020472 1.1674388 0.1020472 1.1949988 0 P 0
L 0.1020472 1.2684838 0.1020472 1.2960438 0 P 0
L 0.1020472 1.3684838 0.1020472 1.3960438 0 P 0
L 0.1020472 1.4684838 0.1020472 1.4960438 0 P 0
L 0.1199843 0.2322835 0.1319843 0.2322835 0 P 0
L 0.1259843 0.2262835 0.1259843 0.2382835 0 P 0
L 0.1341575 0.1338583 0.1461575 0.1338583 0 P 0
L 0.1341575 0.9338583 0.1461575 0.9338583 0 P 0
L 0.1341575 1.1338583 0.1461575 1.1338583 0 P 0
L 0.1341575 1.3338583 0.1461575 1.3338583 0 P 0
L 0.1341575 1.5338583 0.1461575 1.5338583 0 P 0
L 0.135314 0.8822638 0.168774 0.8822638 0 P 0
L 0.135314 0.9822638 0.168774 0.9822638 0 P 0
L 0.135314 1.082261 0.168774 1.082261 0 P 0
L 0.1353172 1.1835138 0.1687772 1.1835138 0 P 0
L 0.1353172 1.2835138 0.1687772 1.2835138 0 P 0
L 0.1353172 1.3835138 0.1687772 1.3835138 0 P 0
L 0.1353172 1.4835138 0.1687772 1.4835138 0 P 0
L 0.1401575 0.1278583 0.1401575 0.1398583 0 P 0
L 0.1401575 0.9278583 0.1401575 0.9398583 0 P 0
L 0.1401575 1.1278583 0.1401575 1.1398583 0 P 0
L 0.1401575 1.3278583 0.1401575 1.3398583 0 P 0
L 0.1401575 1.5278583 0.1401575 1.5398583 0 P 0
L 0.152044 0.8655338 0.152044 0.8989938 0 P 0
L 0.152044 0.9655338 0.152044 0.9989938 0 P 0
L 0.152044 1.065531 0.152044 1.098991 0 P 0
L 0.1520472 1.1667838 0.1520472 1.2002438 0 P 0
L 0.1520472 1.2667838 0.1520472 1.3002438 0 P 0
L 0.1520472 1.3667838 0.1520472 1.4002438 0 P 0
L 0.1520472 1.4667838 0.1520472 1.5002438 0 P 0
L 0.1841575 1.2338583 0.1961575 1.2338583 0 P 0
L 0.1841575 1.4338583 0.1961575 1.4338583 0 P 0
L 0.1901575 1.2278583 0.1901575 1.2398583 0 P 0
L 0.1901575 1.4278583 0.1901575 1.4398583 0 P 0
L 0.2341575 0.1338583 0.2461575 0.1338583 0 P 0
L 0.2341575 1.1338583 0.2461575 1.1338583 0 P 0
L 0.2341575 1.3338583 0.2461575 1.3338583 0 P 0
L 0.2341575 1.5338583 0.2461575 1.5338583 0 P 0
L 0.2380945 0.3228346 0.2500945 0.3228346 0 P 0
L 0.2401575 0.1278583 0.2401575 0.1398583 0 P 0
L 0.2401575 1.1278583 0.2401575 1.1398583 0 P 0
L 0.2401575 1.3278583 0.2401575 1.3398583 0 P 0
L 0.2401575 1.5278583 0.2401575 1.5398583 0 P 0
L 0.2440945 0.3168346 0.2440945 0.3288346 0 P 0
L 0.2720472 1.3897638 0.2920472 1.3897638 0 P 0
L 0.2720472 1.5535138 0.2920472 1.5535138 0 P 0
L 0.2820472 1.3797638 0.2820472 1.3997638 0 P 0
L 0.2820472 1.5435138 0.2820472 1.5635138 0 P 0
L 0.2841575 1.2338583 0.2961575 1.2338583 0 P 0
L 0.288223 0.3105369 0.300223 0.3105369 0 P 0
L 0.2901575 1.2278583 0.2901575 1.2398583 0 P 0
L 0.294223 0.3045369 0.294223 0.3165369 0 P 0
L 0.3099016 0.5314961 0.3179016 0.5314961 0 P 0
L 0.3139016 0.5274961 0.3139016 0.5354961 0 P 0
L 0.3341575 0.1338583 0.3461575 0.1338583 0 P 0
L 0.3341575 0.7338583 0.3461575 0.7338583 0 P 0
L 0.3341575 0.9338583 0.3461575 0.9338583 0 P 0
L 0.3341575 1.1338583 0.3461575 1.1338583 0 P 0
L 0.3341575 1.3338583 0.3461575 1.3338583 0 P 0
L 0.3341575 1.5338583 0.3461575 1.5338583 0 P 0
L 0.3345827 0.5393701 0.3425827 0.5393701 0 P 0
L 0.3385827 0.5353701 0.3385827 0.5433701 0 P 0
L 0.3401575 0.1278583 0.3401575 0.1398583 0 P 0
L 0.3401575 0.7278583 0.3401575 0.7398583 0 P 0
L 0.3401575 0.9278583 0.3401575 0.9398583 0 P 0
L 0.3401575 1.1278583 0.3401575 1.1398583 0 P 0
L 0.3401575 1.3278583 0.3401575 1.3398583 0 P 0
L 0.3401575 1.5278583 0.3401575 1.5398583 0 P 0
L 0.3522677 0.2677165 0.3642677 0.2677165 0 P 0
L 0.3582677 0.2617165 0.3582677 0.2737165 0 P 0
L 0.3621417 0.5551181 0.3701417 0.5551181 0 P 0
L 0.3661417 0.5511181 0.3661417 0.5591181 0 P 0
L 0.3841575 0.2338583 0.3961575 0.2338583 0 P 0
L 0.3841575 1.0338583 0.3961575 1.0338583 0 P 0
L 0.3901575 0.2278583 0.3901575 0.2398583 0 P 0
L 0.3901575 1.0278583 0.3901575 1.0398583 0 P 0
L 0.4015118 0.3307087 0.4095118 0.3307087 0 P 0
L 0.4055118 0.3267087 0.4055118 0.3347087 0 P 0
L 0.4271654 0.2460631 0.4547244 0.2460631 0 P 0
L 0.4341575 0.1338583 0.4461575 0.1338583 0 P 0
L 0.4341575 0.9338583 0.4461575 0.9338583 0 P 0
L 0.4341575 1.1338583 0.4461575 1.1338583 0 P 0
L 0.4341575 1.3338583 0.4461575 1.3338583 0 P 0
L 0.4341575 1.5338583 0.4461575 1.5338583 0 P 0
L 0.4401575 0.1278583 0.4401575 0.1398583 0 P 0
L 0.4401575 0.9278583 0.4401575 0.9398583 0 P 0
L 0.4401575 1.1278583 0.4401575 1.1398583 0 P 0
L 0.4401575 1.3278583 0.4401575 1.3398583 0 P 0
L 0.4401575 1.5278583 0.4401575 1.5398583 0 P 0
L 0.4409449 0.2322836 0.4409449 0.2598426 0 P 0
L 0.4841575 1.0338583 0.4961575 1.0338583 0 P 0
L 0.4901575 1.0278583 0.4901575 1.0398583 0 P 0
L 0.5059056 0.2460631 0.5334646 0.2460631 0 P 0
L 0.5196851 0.2322836 0.5196851 0.2598426 0 P 0
L 0.5341575 0.1338583 0.5461575 0.1338583 0 P 0
L 0.5341575 0.9338583 0.5461575 0.9338583 0 P 0
L 0.5341575 1.1338583 0.5461575 1.1338583 0 P 0
L 0.5341575 1.3338583 0.5461575 1.3338583 0 P 0
L 0.5341575 1.5338583 0.5461575 1.5338583 0 P 0
L 0.5401575 0.1278583 0.5401575 0.1398583 0 P 0
L 0.5401575 0.9278583 0.5401575 0.9398583 0 P 0
L 0.5401575 1.1278583 0.5401575 1.1398583 0 P 0
L 0.5401575 1.3278583 0.5401575 1.3398583 0 P 0
L 0.5401575 1.5278583 0.5401575 1.5398583 0 P 0
L 0.5841575 0.2338583 0.5961575 0.2338583 0 P 0
L 0.5841575 1.4338583 0.5961575 1.4338583 0 P 0
L 0.5845512 0.7007874 0.5965512 0.7007874 0 P 0
L 0.5901575 0.2278583 0.5901575 0.2398583 0 P 0
L 0.5901575 1.4278583 0.5901575 1.4398583 0 P 0
L 0.5905512 0.6947874 0.5905512 0.7067874 0 P 0
L 0.6002992 0.2559055 0.6122992 0.2559055 0 P 0
L 0.6042362 0.6102362 0.6162362 0.6102362 0 P 0
L 0.6062992 0.2499055 0.6062992 0.2619055 0 P 0
L 0.6102362 0.6042362 0.6102362 0.6162362 0 P 0
L 0.6120472 1.3897638 0.6320472 1.3897638 0 P 0
L 0.6120472 1.5547638 0.6320472 1.5547638 0 P 0
L 0.6220472 1.3797638 0.6220472 1.3997638 0 P 0
L 0.6220472 1.5447638 0.6220472 1.5647638 0 P 0
L 0.6239213 0.8228346 0.6359213 0.8228346 0 P 0
L 0.6299213 0.8168346 0.6299213 0.8288346 0 P 0
L 0.6317953 0.7677165 0.6437953 0.7677165 0 P 0
L 0.6337953 0.5669291 0.6417953 0.5669291 0 P 0
L 0.6341575 0.1338583 0.6461575 0.1338583 0 P 0
L 0.6341575 1.1338583 0.6461575 1.1338583 0 P 0
L 0.6341575 1.3338583 0.6461575 1.3338583 0 P 0
L 0.6377953 0.5629291 0.6377953 0.5709291 0 P 0
L 0.6377953 0.7617165 0.6377953 0.7737165 0 P 0
L 0.6401575 0.1278583 0.6401575 0.1398583 0 P 0
L 0.6401575 1.1278583 0.6401575 1.1398583 0 P 0
L 0.6401575 1.3278583 0.6401575 1.3398583 0 P 0
L 0.6751024 0.7716535 0.6871024 0.7716535 0 P 0
L 0.6811024 0.7656535 0.6811024 0.7776535 0 P 0
L 0.6841575 0.2338583 0.6961575 0.2338583 0 P 0
L 0.6841575 1.2338583 0.6961575 1.2338583 0 P 0
L 0.6841575 1.4338583 0.6961575 1.4338583 0 P 0
L 0.6901575 0.2278583 0.6901575 0.2398583 0 P 0
L 0.6901575 1.2278583 0.6901575 1.2398583 0 P 0
L 0.6901575 1.4278583 0.6901575 1.4398583 0 P 0
L 0.6987244 0.6338583 0.7107244 0.6338583 0 P 0
L 0.7047244 0.6278583 0.7047244 0.6398583 0 P 0
L 0.7341575 0.1338583 0.7461575 0.1338583 0 P 0
L 0.7341575 1.1338583 0.7461575 1.1338583 0 P 0
L 0.7341575 1.3338583 0.7461575 1.3338583 0 P 0
L 0.7341575 1.5338583 0.7461575 1.5338583 0 P 0
L 0.735314 0.982261 0.768774 0.982261 0 P 0
L 0.735314 1.182261 0.768774 1.182261 0 P 0
L 0.735314 1.382261 0.768774 1.382261 0 P 0
L 0.735314 1.482261 0.768774 1.482261 0 P 0
L 0.7353172 0.8835138 0.7687772 0.8835138 0 P 0
L 0.7353172 1.0835138 0.7687772 1.0835138 0 P 0
L 0.7353172 1.2822638 0.7687772 1.2822638 0 P 0
L 0.7401575 0.1278583 0.7401575 0.1398583 0 P 0
L 0.7401575 1.1278583 0.7401575 1.1398583 0 P 0
L 0.7401575 1.3278583 0.7401575 1.3398583 0 P 0
L 0.7401575 1.5278583 0.7401575 1.5398583 0 P 0
L 0.7499055 0.6338583 0.7619055 0.6338583 0 P 0
L 0.752044 0.965531 0.752044 0.998991 0 P 0
L 0.752044 1.165531 0.752044 1.198991 0 P 0
L 0.752044 1.365531 0.752044 1.398991 0 P 0
L 0.752044 1.465531 0.752044 1.498991 0 P 0
L 0.7520472 0.8667838 0.7520472 0.9002438 0 P 0
L 0.7520472 1.0667838 0.7520472 1.1002438 0 P 0
L 0.7520472 1.2655338 0.7520472 1.2989938 0 P 0
L 0.7559055 0.6278583 0.7559055 0.6398583 0 P 0
L 0.7841575 1.0338583 0.7961575 1.0338583 0 P 0
L 0.7841575 1.2338583 0.7961575 1.2338583 0 P 0
L 0.7841575 1.4338583 0.7961575 1.4338583 0 P 0
L 0.7882672 0.882261 0.8158272 0.882261 0 P 0
L 0.7882672 0.982261 0.8158272 0.982261 0 P 0
L 0.7882672 1.0847282 0.8158272 1.0847282 0 P 0
L 0.7882672 1.182261 0.8158272 1.182261 0 P 0
L 0.7882672 1.2822638 0.8158272 1.2822638 0 P 0
L 0.7882672 1.382261 0.8158272 1.382261 0 P 0
L 0.7882672 1.482261 0.8158272 1.482261 0 P 0
L 0.7901575 1.0278583 0.7901575 1.0398583 0 P 0
L 0.7901575 1.2278583 0.7901575 1.2398583 0 P 0
L 0.7901575 1.4278583 0.7901575 1.4398583 0 P 0
L 0.7969922 0.3348032 0.8089922 0.3348032 0 P 0
L 0.8010866 0.6338583 0.8130866 0.6338583 0 P 0
L 0.8020472 0.868481 0.8020472 0.896041 0 P 0
L 0.8020472 0.968481 0.8020472 0.996041 0 P 0
L 0.8020472 1.0709482 0.8020472 1.0985082 0 P 0
L 0.8020472 1.168481 0.8020472 1.196041 0 P 0
L 0.8020472 1.2684838 0.8020472 1.2960438 0 P 0
L 0.8020472 1.368481 0.8020472 1.396041 0 P 0
L 0.8020472 1.468481 0.8020472 1.496041 0 P 0
L 0.8029922 0.3288032 0.8029922 0.3408032 0 P 0
L 0.8070866 0.6278583 0.8070866 0.6398583 0 P 0
L 0.8483307 0.3582677 0.8603307 0.3582677 0 P 0
L 0.8522677 0.6338583 0.8642677 0.6338583 0 P 0
L 0.8543307 0.3522677 0.8543307 0.3642677 0 P 0
L 0.8582677 0.6278583 0.8582677 0.6398583 0 P 0
