#Layer_Color=9474304
#
#Feature symbol names
#
$0 r5
$1 r6.6666

#
#Feature attribute names
#

#
#Layer features
#
A 0.3020472 1.3897638 0.3020472 1.3897638 0.2820472 1.3897638 1 P 0 N
A 0.3020472 1.5535138 0.3020472 1.5535138 0.2820472 1.5535138 1 P 0 N
A 0.6420472 1.3897638 0.6420472 1.3897638 0.6220472 1.3897638 1 P 0 N
A 0.6420472 1.5547638 0.6420472 1.5547638 0.6220472 1.5547638 1 P 0 N
L 0.0201575 0.1238583 0.0201575 0.1438583 0 P 0
L 0.0201575 0.1238583 0.0301575 0.1238583 0 P 0
L 0.0201575 0.1438583 0.0301575 0.1438583 0 P 0
L 0.0201575 1.5238583 0.0201575 1.5438583 0 P 0
L 0.0201575 1.5238583 0.0301575 1.5238583 0 P 0
L 0.0201575 1.5438583 0.0301575 1.5438583 0 P 0
L 0.0301575 0.1138583 0.0301575 0.1238583 0 P 0
L 0.0301575 0.1138583 0.0501575 0.1138583 0 P 0
L 0.0301575 0.1438583 0.0301575 0.1538583 0 P 0
L 0.0301575 0.1538583 0.0501575 0.1538583 0 P 0
L 0.0301575 1.5138583 0.0301575 1.5238583 0 P 0
L 0.0301575 1.5138583 0.0501575 1.5138583 0 P 0
L 0.0301575 1.5438583 0.0301575 1.5538583 0 P 0
L 0.0301575 1.5538583 0.0501575 1.5538583 0 P 0
L 0.0501575 0.1138583 0.0501575 0.1238583 0 P 0
L 0.0501575 0.1238583 0.0601575 0.1238583 0 P 0
L 0.0501575 0.1438583 0.0501575 0.1538583 0 P 0
L 0.0501575 0.1438583 0.0601575 0.1438583 0 P 0
L 0.0501575 1.5138583 0.0501575 1.5238583 0 P 0
L 0.0501575 1.5238583 0.0601575 1.5238583 0 P 0
L 0.0501575 1.5438583 0.0501575 1.5538583 0 P 0
L 0.0501575 1.5438583 0.0601575 1.5438583 0 P 0
L 0.0601575 0.1238583 0.0601575 0.1438583 0 P 0
L 0.0601575 1.5238583 0.0601575 1.5438583 0 P 0
L 0.0701575 0.2238583 0.0701575 0.2438583 0 P 0
L 0.0701575 0.2238583 0.0801575 0.2238583 0 P 0
L 0.0701575 0.2438583 0.0801575 0.2438583 0 P 0
L 0.0701575 1.0238583 0.0701575 1.0438583 0 P 0
L 0.0701575 1.0238583 0.0801575 1.0238583 0 P 0
L 0.0701575 1.0438583 0.0801575 1.0438583 0 P 0
L 0.0701575 1.2238583 0.0701575 1.2438583 0 P 0
L 0.0701575 1.2238583 0.0801575 1.2238583 0 P 0
L 0.0701575 1.2438583 0.0801575 1.2438583 0 P 0
L 0.0701575 1.4238583 0.0701575 1.4438583 0 P 0
L 0.0701575 1.4238583 0.0801575 1.4238583 0 P 0
L 0.0701575 1.4438583 0.0801575 1.4438583 0 P 0
L 0.0801575 0.2138583 0.0801575 0.2238583 0 P 0
L 0.0801575 0.2138583 0.1001575 0.2138583 0 P 0
L 0.0801575 0.2438583 0.0801575 0.2538583 0 P 0
L 0.0801575 0.2538583 0.1001575 0.2538583 0 P 0
L 0.0801575 1.0138583 0.0801575 1.0238583 0 P 0
L 0.0801575 1.0138583 0.1001575 1.0138583 0 P 0
L 0.0801575 1.0438583 0.0801575 1.0538583 0 P 0
L 0.0801575 1.0538583 0.1001575 1.0538583 0 P 0
L 0.0801575 1.2138583 0.0801575 1.2238583 0 P 0
L 0.0801575 1.2138583 0.1001575 1.2138583 0 P 0
L 0.0801575 1.2438583 0.0801575 1.2538583 0 P 0
L 0.0801575 1.2538583 0.1001575 1.2538583 0 P 0
L 0.0801575 1.4138583 0.0801575 1.4238583 0 P 0
L 0.0801575 1.4138583 0.1001575 1.4138583 0 P 0
L 0.0801575 1.4438583 0.0801575 1.4538583 0 P 0
L 0.0801575 1.4538583 0.1001575 1.4538583 0 P 0
L 0.082044 1.102261 0.102044 1.062261 0 P 0
L 0.082044 1.102261 0.122044 1.102261 0 P 0
L 0.0820472 0.9022638 0.1020472 0.8622638 0 P 0
L 0.0820472 0.9022638 0.1220472 0.9022638 0 P 0
L 0.0820472 1.0022638 0.1020472 0.9622638 0 P 0
L 0.0820472 1.0022638 0.1220472 1.0022638 0 P 0
L 0.0820472 1.2012188 0.1020472 1.1612188 0 P 0
L 0.0820472 1.2012188 0.1220472 1.2012188 0 P 0
L 0.0820472 1.3022638 0.1020472 1.2622638 0 P 0
L 0.0820472 1.3022638 0.1220472 1.3022638 0 P 0
L 0.0820472 1.4022638 0.1020472 1.3622638 0 P 0
L 0.0820472 1.4022638 0.1220472 1.4022638 0 P 0
L 0.0820472 1.5022638 0.1020472 1.4622638 0 P 0
L 0.0820472 1.5022638 0.1220472 1.5022638 0 P 0
L 0.1001575 0.2138583 0.1001575 0.2238583 0 P 0
L 0.1001575 0.2238583 0.1101575 0.2238583 0 P 0
L 0.1001575 0.2438583 0.1001575 0.2538583 0 P 0
L 0.1001575 0.2438583 0.1101575 0.2438583 0 P 0
L 0.1001575 1.0138583 0.1001575 1.0238583 0 P 0
L 0.1001575 1.0238583 0.1101575 1.0238583 0 P 0
L 0.1001575 1.0438583 0.1001575 1.0538583 0 P 0
L 0.1001575 1.0438583 0.1101575 1.0438583 0 P 0
L 0.1001575 1.2138583 0.1001575 1.2238583 0 P 0
L 0.1001575 1.2238583 0.1101575 1.2238583 0 P 0
L 0.1001575 1.2438583 0.1001575 1.2538583 0 P 0
L 0.1001575 1.2438583 0.1101575 1.2438583 0 P 0
L 0.1001575 1.4138583 0.1001575 1.4238583 0 P 0
L 0.1001575 1.4238583 0.1101575 1.4238583 0 P 0
L 0.1001575 1.4438583 0.1001575 1.4538583 0 P 0
L 0.1001575 1.4438583 0.1101575 1.4438583 0 P 0
L 0.102044 1.062261 0.122044 1.102261 0 P 0
L 0.1020472 0.8622638 0.1220472 0.9022638 0 P 0
L 0.1020472 0.9622638 0.1220472 1.0022638 0 P 0
L 0.1020472 1.1612188 0.1220472 1.2012188 0 P 0
L 0.1020472 1.2622638 0.1220472 1.3022638 0 P 0
L 0.1020472 1.3622638 0.1220472 1.4022638 0 P 0
L 0.1020472 1.4622638 0.1220472 1.5022638 0 P 0
L 0.1059843 0.2222835 0.1059843 0.2422835 0 P 0
L 0.1059843 0.2222835 0.1159843 0.2222835 0 P 0
L 0.1059843 0.2422835 0.1159843 0.2422835 0 P 0
L 0.1101575 0.2238583 0.1101575 0.2438583 0 P 0
L 0.1101575 1.0238583 0.1101575 1.0438583 0 P 0
L 0.1101575 1.2238583 0.1101575 1.2438583 0 P 0
L 0.1101575 1.4238583 0.1101575 1.4438583 0 P 0
L 0.1159843 0.2122835 0.1159843 0.2222835 0 P 0
L 0.1159843 0.2122835 0.1359843 0.2122835 0 P 0
L 0.1159843 0.2422835 0.1159843 0.2522835 0 P 0
L 0.1159843 0.2522835 0.1359843 0.2522835 0 P 0
L 0.1201575 0.1238583 0.1201575 0.1438583 0 P 0
L 0.1201575 0.1238583 0.1301575 0.1238583 0 P 0
L 0.1201575 0.1438583 0.1301575 0.1438583 0 P 0
L 0.1201575 0.9238583 0.1201575 0.9438583 0 P 0
L 0.1201575 0.9238583 0.1301575 0.9238583 0 P 0
L 0.1201575 0.9438583 0.1301575 0.9438583 0 P 0
L 0.1201575 1.1238583 0.1201575 1.1438583 0 P 0
L 0.1201575 1.1238583 0.1301575 1.1238583 0 P 0
L 0.1201575 1.1438583 0.1301575 1.1438583 0 P 0
L 0.1201575 1.3238583 0.1201575 1.3438583 0 P 0
L 0.1201575 1.3238583 0.1301575 1.3238583 0 P 0
L 0.1201575 1.3438583 0.1301575 1.3438583 0 P 0
L 0.1201575 1.5238583 0.1201575 1.5438583 0 P 0
L 0.1201575 1.5238583 0.1301575 1.5238583 0 P 0
L 0.1201575 1.5438583 0.1301575 1.5438583 0 P 0
L 0.1301575 0.1138583 0.1301575 0.1238583 0 P 0
L 0.1301575 0.1138583 0.1501575 0.1138583 0 P 0
L 0.1301575 0.1438583 0.1301575 0.1538583 0 P 0
L 0.1301575 0.1538583 0.1501575 0.1538583 0 P 0
L 0.1301575 0.9138583 0.1301575 0.9238583 0 P 0
L 0.1301575 0.9138583 0.1501575 0.9138583 0 P 0
L 0.1301575 0.9438583 0.1301575 0.9538583 0 P 0
L 0.1301575 0.9538583 0.1501575 0.9538583 0 P 0
L 0.1301575 1.1138583 0.1301575 1.1238583 0 P 0
L 0.1301575 1.1138583 0.1501575 1.1138583 0 P 0
L 0.1301575 1.1438583 0.1301575 1.1538583 0 P 0
L 0.1301575 1.1538583 0.1501575 1.1538583 0 P 0
L 0.1301575 1.3138583 0.1301575 1.3238583 0 P 0
L 0.1301575 1.3138583 0.1501575 1.3138583 0 P 0
L 0.1301575 1.3438583 0.1301575 1.3538583 0 P 0
L 0.1301575 1.3538583 0.1501575 1.3538583 0 P 0
L 0.1301575 1.5138583 0.1301575 1.5238583 0 P 0
L 0.1301575 1.5138583 0.1501575 1.5138583 0 P 0
L 0.1301575 1.5438583 0.1301575 1.5538583 0 P 0
L 0.1301575 1.5538583 0.1501575 1.5538583 0 P 0
L 0.132044 0.8622638 0.132044 0.9022638 0 P 0
L 0.132044 0.8622638 0.172044 0.8622638 0 P 0
L 0.132044 0.9022638 0.172044 0.9022638 0 P 0
L 0.132044 0.9622638 0.132044 1.0022638 0 P 0
L 0.132044 0.9622638 0.172044 0.9622638 0 P 0
L 0.132044 1.0022638 0.172044 1.0022638 0 P 0
L 0.132044 1.062261 0.132044 1.102261 0 P 0
L 0.132044 1.062261 0.172044 1.062261 0 P 0
L 0.132044 1.102261 0.172044 1.102261 0 P 0
L 0.1320472 1.1635138 0.1320472 1.2035138 0 P 0
L 0.1320472 1.1635138 0.1720472 1.1635138 0 P 0
L 0.1320472 1.2035138 0.1720472 1.2035138 0 P 0
L 0.1320472 1.2635138 0.1320472 1.3035138 0 P 0
L 0.1320472 1.2635138 0.1720472 1.2635138 0 P 0
L 0.1320472 1.3035138 0.1720472 1.3035138 0 P 0
L 0.1320472 1.3635138 0.1320472 1.4035138 0 P 0
L 0.1320472 1.3635138 0.1720472 1.3635138 0 P 0
L 0.1320472 1.4035138 0.1720472 1.4035138 0 P 0
L 0.1320472 1.4635138 0.1320472 1.5035138 0 P 0
L 0.1320472 1.4635138 0.1720472 1.4635138 0 P 0
L 0.1320472 1.5035138 0.1720472 1.5035138 0 P 0
L 0.1359843 0.2122835 0.1359843 0.2222835 0 P 0
L 0.1359843 0.2222835 0.1459843 0.2222835 0 P 0
L 0.1359843 0.2422835 0.1359843 0.2522835 0 P 0
L 0.1359843 0.2422835 0.1459843 0.2422835 0 P 0
L 0.1459843 0.2222835 0.1459843 0.2422835 0 P 0
L 0.1501575 0.1138583 0.1501575 0.1238583 0 P 0
L 0.1501575 0.1238583 0.1601575 0.1238583 0 P 0
L 0.1501575 0.1438583 0.1501575 0.1538583 0 P 0
L 0.1501575 0.1438583 0.1601575 0.1438583 0 P 0
L 0.1501575 0.9138583 0.1501575 0.9238583 0 P 0
L 0.1501575 0.9238583 0.1601575 0.9238583 0 P 0
L 0.1501575 0.9438583 0.1501575 0.9538583 0 P 0
L 0.1501575 0.9438583 0.1601575 0.9438583 0 P 0
L 0.1501575 1.1138583 0.1501575 1.1238583 0 P 0
L 0.1501575 1.1238583 0.1601575 1.1238583 0 P 0
L 0.1501575 1.1438583 0.1501575 1.1538583 0 P 0
L 0.1501575 1.1438583 0.1601575 1.1438583 0 P 0
L 0.1501575 1.3138583 0.1501575 1.3238583 0 P 0
L 0.1501575 1.3238583 0.1601575 1.3238583 0 P 0
L 0.1501575 1.3438583 0.1501575 1.3538583 0 P 0
L 0.1501575 1.3438583 0.1601575 1.3438583 0 P 0
L 0.1501575 1.5138583 0.1501575 1.5238583 0 P 0
L 0.1501575 1.5238583 0.1601575 1.5238583 0 P 0
L 0.1501575 1.5438583 0.1501575 1.5538583 0 P 0
L 0.1501575 1.5438583 0.1601575 1.5438583 0 P 0
L 0.1601575 0.1238583 0.1601575 0.1438583 0 P 0
L 0.1601575 0.9238583 0.1601575 0.9438583 0 P 0
L 0.1601575 1.1238583 0.1601575 1.1438583 0 P 0
L 0.1601575 1.3238583 0.1601575 1.3438583 0 P 0
L 0.1601575 1.5238583 0.1601575 1.5438583 0 P 0
L 0.1701575 1.2238583 0.1701575 1.2438583 0 P 0
L 0.1701575 1.2238583 0.1801575 1.2238583 0 P 0
L 0.1701575 1.2438583 0.1801575 1.2438583 0 P 0
L 0.1701575 1.4238583 0.1701575 1.4438583 0 P 0
L 0.1701575 1.4238583 0.1801575 1.4238583 0 P 0
L 0.1701575 1.4438583 0.1801575 1.4438583 0 P 0
L 0.172044 0.8622638 0.172044 0.9022638 0 P 0
L 0.172044 0.9622638 0.172044 1.0022638 0 P 0
L 0.172044 1.062261 0.172044 1.102261 0 P 0
L 0.1720472 1.1635138 0.1720472 1.2035138 0 P 0
L 0.1720472 1.2635138 0.1720472 1.3035138 0 P 0
L 0.1720472 1.3635138 0.1720472 1.4035138 0 P 0
L 0.1720472 1.4635138 0.1720472 1.5035138 0 P 0
L 0.1801575 1.2138583 0.1801575 1.2238583 0 P 0
L 0.1801575 1.2138583 0.2001575 1.2138583 0 P 0
L 0.1801575 1.2438583 0.1801575 1.2538583 0 P 0
L 0.1801575 1.2538583 0.2001575 1.2538583 0 P 0
L 0.1801575 1.4138583 0.1801575 1.4238583 0 P 0
L 0.1801575 1.4138583 0.2001575 1.4138583 0 P 0
L 0.1801575 1.4438583 0.1801575 1.4538583 0 P 0
L 0.1801575 1.4538583 0.2001575 1.4538583 0 P 0
L 0.2001575 1.2138583 0.2001575 1.2238583 0 P 0
L 0.2001575 1.2238583 0.2101575 1.2238583 0 P 0
L 0.2001575 1.2438583 0.2001575 1.2538583 0 P 0
L 0.2001575 1.2438583 0.2101575 1.2438583 0 P 0
L 0.2001575 1.4138583 0.2001575 1.4238583 0 P 0
L 0.2001575 1.4238583 0.2101575 1.4238583 0 P 0
L 0.2001575 1.4438583 0.2001575 1.4538583 0 P 0
L 0.2001575 1.4438583 0.2101575 1.4438583 0 P 0
L 0.2101575 1.2238583 0.2101575 1.2438583 0 P 0
L 0.2101575 1.4238583 0.2101575 1.4438583 0 P 0
L 0.2201575 0.1238583 0.2201575 0.1438583 0 P 0
L 0.2201575 0.1238583 0.2301575 0.1238583 0 P 0
L 0.2201575 0.1438583 0.2301575 0.1438583 0 P 0
L 0.2201575 1.1238583 0.2201575 1.1438583 0 P 0
L 0.2201575 1.1238583 0.2301575 1.1238583 0 P 0
L 0.2201575 1.1438583 0.2301575 1.1438583 0 P 0
L 0.2201575 1.3238583 0.2201575 1.3438583 0 P 0
L 0.2201575 1.3238583 0.2301575 1.3238583 0 P 0
L 0.2201575 1.3438583 0.2301575 1.3438583 0 P 0
L 0.2201575 1.5238583 0.2201575 1.5438583 0 P 0
L 0.2201575 1.5238583 0.2301575 1.5238583 0 P 0
L 0.2201575 1.5438583 0.2301575 1.5438583 0 P 0
L 0.2240945 0.3128346 0.2240945 0.3328346 0 P 0
L 0.2240945 0.3128346 0.2340945 0.3128346 0 P 0
L 0.2240945 0.3328346 0.2340945 0.3328346 0 P 0
L 0.2301575 0.1138583 0.2301575 0.1238583 0 P 0
L 0.2301575 0.1138583 0.2501575 0.1138583 0 P 0
L 0.2301575 0.1438583 0.2301575 0.1538583 0 P 0
L 0.2301575 0.1538583 0.2501575 0.1538583 0 P 0
L 0.2301575 1.1138583 0.2301575 1.1238583 0 P 0
L 0.2301575 1.1138583 0.2501575 1.1138583 0 P 0
L 0.2301575 1.1438583 0.2301575 1.1538583 0 P 0
L 0.2301575 1.1538583 0.2501575 1.1538583 0 P 0
L 0.2301575 1.3138583 0.2301575 1.3238583 0 P 0
L 0.2301575 1.3138583 0.2501575 1.3138583 0 P 0
L 0.2301575 1.3438583 0.2301575 1.3538583 0 P 0
L 0.2301575 1.3538583 0.2501575 1.3538583 0 P 0
L 0.2301575 1.5138583 0.2301575 1.5238583 0 P 0
L 0.2301575 1.5138583 0.2501575 1.5138583 0 P 0
L 0.2301575 1.5438583 0.2301575 1.5538583 0 P 0
L 0.2301575 1.5538583 0.2501575 1.5538583 0 P 0
L 0.2340945 0.3028346 0.2340945 0.3128346 0 P 0
L 0.2340945 0.3028346 0.2540945 0.3028346 0 P 0
L 0.2340945 0.3328346 0.2340945 0.3428346 0 P 0
L 0.2340945 0.3428346 0.2540945 0.3428346 0 P 0
L 0.2501575 0.1138583 0.2501575 0.1238583 0 P 0
L 0.2501575 0.1238583 0.2601575 0.1238583 0 P 0
L 0.2501575 0.1438583 0.2501575 0.1538583 0 P 0
L 0.2501575 0.1438583 0.2601575 0.1438583 0 P 0
L 0.2501575 1.1138583 0.2501575 1.1238583 0 P 0
L 0.2501575 1.1238583 0.2601575 1.1238583 0 P 0
L 0.2501575 1.1438583 0.2501575 1.1538583 0 P 0
L 0.2501575 1.1438583 0.2601575 1.1438583 0 P 0
L 0.2501575 1.3138583 0.2501575 1.3238583 0 P 0
L 0.2501575 1.3238583 0.2601575 1.3238583 0 P 0
L 0.2501575 1.3438583 0.2501575 1.3538583 0 P 0
L 0.2501575 1.3438583 0.2601575 1.3438583 0 P 0
L 0.2501575 1.5138583 0.2501575 1.5238583 0 P 0
L 0.2501575 1.5238583 0.2601575 1.5238583 0 P 0
L 0.2501575 1.5438583 0.2501575 1.5538583 0 P 0
L 0.2501575 1.5438583 0.2601575 1.5438583 0 P 0
L 0.2540945 0.3028346 0.2540945 0.3128346 0 P 0
L 0.2540945 0.3128346 0.2640945 0.3128346 0 P 0
L 0.2540945 0.3328346 0.2540945 0.3428346 0 P 0
L 0.2540945 0.3328346 0.2640945 0.3328346 0 P 0
L 0.2601575 0.1238583 0.2601575 0.1438583 0 P 0
L 0.2601575 1.1238583 0.2601575 1.1438583 0 P 0
L 0.2601575 1.3238583 0.2601575 1.3438583 0 P 0
L 0.2601575 1.5238583 0.2601575 1.5438583 0 P 0
L 0.2640945 0.3128346 0.2640945 0.3328346 0 P 0
L 0.2701575 1.2238583 0.2701575 1.2438583 0 P 0
L 0.2701575 1.2238583 0.2801575 1.2238583 0 P 0
L 0.2701575 1.2438583 0.2801575 1.2438583 0 P 0
L 0.274223 0.3005369 0.274223 0.3205369 0 P 0
L 0.274223 0.3005369 0.284223 0.3005369 0 P 0
L 0.274223 0.3205369 0.284223 0.3205369 0 P 0
L 0.2801575 1.2138583 0.2801575 1.2238583 0 P 0
L 0.2801575 1.2138583 0.3001575 1.2138583 0 P 0
L 0.2801575 1.2438583 0.2801575 1.2538583 0 P 0
L 0.2801575 1.2538583 0.3001575 1.2538583 0 P 0
L 0.284223 0.2905369 0.284223 0.3005369 0 P 0
L 0.284223 0.2905369 0.304223 0.2905369 0 P 0
L 0.284223 0.3205369 0.284223 0.3305369 0 P 0
L 0.284223 0.3305369 0.304223 0.3305369 0 P 0
L 0.2939016 0.5114961 0.3039016 0.5314961 0 P 0
L 0.2939016 0.5114961 0.3139016 0.5214961 0 P 0
L 0.2939016 0.5514961 0.3039016 0.5314961 0 P 0
L 0.2939016 0.5514961 0.3139016 0.5414961 0 P 0
L 0.3001575 1.2138583 0.3001575 1.2238583 0 P 0
L 0.3001575 1.2238583 0.3101575 1.2238583 0 P 0
L 0.3001575 1.2438583 0.3001575 1.2538583 0 P 0
L 0.3001575 1.2438583 0.3101575 1.2438583 0 P 0
L 0.304223 0.2905369 0.304223 0.3005369 0 P 0
L 0.304223 0.3005369 0.314223 0.3005369 0 P 0
L 0.304223 0.3205369 0.304223 0.3305369 0 P 0
L 0.304223 0.3205369 0.314223 0.3205369 0 P 0
L 0.3101575 1.2238583 0.3101575 1.2438583 0 P 0
L 0.3139016 0.5214961 0.3339016 0.5114961 0 P 0
L 0.3139016 0.5414961 0.3339016 0.5514961 0 P 0
L 0.314223 0.3005369 0.314223 0.3205369 0 P 0
L 0.3185827 0.5193701 0.3285827 0.5393701 0 P 0
L 0.3185827 0.5193701 0.3385827 0.5293701 0 P 0
L 0.3185827 0.5593701 0.3285827 0.5393701 0 P 0
L 0.3185827 0.5593701 0.3385827 0.5493701 0 P 0
L 0.3201575 0.1238583 0.3201575 0.1438583 0 P 0
L 0.3201575 0.1238583 0.3301575 0.1238583 0 P 0
L 0.3201575 0.1438583 0.3301575 0.1438583 0 P 0
L 0.3201575 0.7238583 0.3201575 0.7438583 0 P 0
L 0.3201575 0.7238583 0.3301575 0.7238583 0 P 0
L 0.3201575 0.7438583 0.3301575 0.7438583 0 P 0
L 0.3201575 0.9238583 0.3201575 0.9438583 0 P 0
L 0.3201575 0.9238583 0.3301575 0.9238583 0 P 0
L 0.3201575 0.9438583 0.3301575 0.9438583 0 P 0
L 0.3201575 1.1238583 0.3201575 1.1438583 0 P 0
L 0.3201575 1.1238583 0.3301575 1.1238583 0 P 0
L 0.3201575 1.1438583 0.3301575 1.1438583 0 P 0
L 0.3201575 1.3238583 0.3201575 1.3438583 0 P 0
L 0.3201575 1.3238583 0.3301575 1.3238583 0 P 0
L 0.3201575 1.3438583 0.3301575 1.3438583 0 P 0
L 0.3201575 1.5238583 0.3201575 1.5438583 0 P 0
L 0.3201575 1.5238583 0.3301575 1.5238583 0 P 0
L 0.3201575 1.5438583 0.3301575 1.5438583 0 P 0
L 0.3239016 0.5314961 0.3339016 0.5114961 0 P 0
L 0.3239016 0.5314961 0.3339016 0.5514961 0 P 0
L 0.3301575 0.1138583 0.3301575 0.1238583 0 P 0
L 0.3301575 0.1138583 0.3501575 0.1138583 0 P 0
L 0.3301575 0.1438583 0.3301575 0.1538583 0 P 0
L 0.3301575 0.1538583 0.3501575 0.1538583 0 P 0
L 0.3301575 0.7138583 0.3301575 0.7238583 0 P 0
L 0.3301575 0.7138583 0.3501575 0.7138583 0 P 0
L 0.3301575 0.7438583 0.3301575 0.7538583 0 P 0
L 0.3301575 0.7538583 0.3501575 0.7538583 0 P 0
L 0.3301575 0.9138583 0.3301575 0.9238583 0 P 0
L 0.3301575 0.9138583 0.3501575 0.9138583 0 P 0
L 0.3301575 0.9438583 0.3301575 0.9538583 0 P 0
L 0.3301575 0.9538583 0.3501575 0.9538583 0 P 0
L 0.3301575 1.1138583 0.3301575 1.1238583 0 P 0
L 0.3301575 1.1138583 0.3501575 1.1138583 0 P 0
L 0.3301575 1.1438583 0.3301575 1.1538583 0 P 0
L 0.3301575 1.1538583 0.3501575 1.1538583 0 P 0
L 0.3301575 1.3138583 0.3301575 1.3238583 0 P 0
L 0.3301575 1.3138583 0.3501575 1.3138583 0 P 0
L 0.3301575 1.3438583 0.3301575 1.3538583 0 P 0
L 0.3301575 1.3538583 0.3501575 1.3538583 0 P 0
L 0.3301575 1.5138583 0.3301575 1.5238583 0 P 0
L 0.3301575 1.5138583 0.3501575 1.5138583 0 P 0
L 0.3301575 1.5438583 0.3301575 1.5538583 0 P 0
L 0.3301575 1.5538583 0.3501575 1.5538583 0 P 0
L 0.3382677 0.2577165 0.3382677 0.2777165 0 P 0
L 0.3382677 0.2577165 0.3482677 0.2577165 0 P 0
L 0.3382677 0.2777165 0.3482677 0.2777165 0 P 0
L 0.3385827 0.5293701 0.3585827 0.5193701 0 P 0
L 0.3385827 0.5493701 0.3585827 0.5593701 0 P 0
L 0.3461417 0.5351181 0.3561417 0.5551181 0 P 0
L 0.3461417 0.5351181 0.3661417 0.5451181 0 P 0
L 0.3461417 0.5751181 0.3561417 0.5551181 0 P 0
L 0.3461417 0.5751181 0.3661417 0.5651181 0 P 0
L 0.3482677 0.2477165 0.3482677 0.2577165 0 P 0
L 0.3482677 0.2477165 0.3682677 0.2477165 0 P 0
L 0.3482677 0.2777165 0.3482677 0.2877165 0 P 0
L 0.3482677 0.2877165 0.3682677 0.2877165 0 P 0
L 0.3485827 0.5393701 0.3585827 0.5193701 0 P 0
L 0.3485827 0.5393701 0.3585827 0.5593701 0 P 0
L 0.3501575 0.1138583 0.3501575 0.1238583 0 P 0
L 0.3501575 0.1238583 0.3601575 0.1238583 0 P 0
L 0.3501575 0.1438583 0.3501575 0.1538583 0 P 0
L 0.3501575 0.1438583 0.3601575 0.1438583 0 P 0
L 0.3501575 0.7138583 0.3501575 0.7238583 0 P 0
L 0.3501575 0.7238583 0.3601575 0.7238583 0 P 0
L 0.3501575 0.7438583 0.3501575 0.7538583 0 P 0
L 0.3501575 0.7438583 0.3601575 0.7438583 0 P 0
L 0.3501575 0.9138583 0.3501575 0.9238583 0 P 0
L 0.3501575 0.9238583 0.3601575 0.9238583 0 P 0
L 0.3501575 0.9438583 0.3501575 0.9538583 0 P 0
L 0.3501575 0.9438583 0.3601575 0.9438583 0 P 0
L 0.3501575 1.1138583 0.3501575 1.1238583 0 P 0
L 0.3501575 1.1238583 0.3601575 1.1238583 0 P 0
L 0.3501575 1.1438583 0.3501575 1.1538583 0 P 0
L 0.3501575 1.1438583 0.3601575 1.1438583 0 P 0
L 0.3501575 1.3138583 0.3501575 1.3238583 0 P 0
L 0.3501575 1.3238583 0.3601575 1.3238583 0 P 0
L 0.3501575 1.3438583 0.3501575 1.3538583 0 P 0
L 0.3501575 1.3438583 0.3601575 1.3438583 0 P 0
L 0.3501575 1.5138583 0.3501575 1.5238583 0 P 0
L 0.3501575 1.5238583 0.3601575 1.5238583 0 P 0
L 0.3501575 1.5438583 0.3501575 1.5538583 0 P 0
L 0.3501575 1.5438583 0.3601575 1.5438583 0 P 0
L 0.3601575 0.1238583 0.3601575 0.1438583 0 P 0
L 0.3601575 0.7238583 0.3601575 0.7438583 0 P 0
L 0.3601575 0.9238583 0.3601575 0.9438583 0 P 0
L 0.3601575 1.1238583 0.3601575 1.1438583 0 P 0
L 0.3601575 1.3238583 0.3601575 1.3438583 0 P 0
L 0.3601575 1.5238583 0.3601575 1.5438583 0 P 0
L 0.3661417 0.5451181 0.3861417 0.5351181 0 P 0
L 0.3661417 0.5651181 0.3861417 0.5751181 0 P 0
L 0.3682677 0.2477165 0.3682677 0.2577165 0 P 0
L 0.3682677 0.2577165 0.3782677 0.2577165 0 P 0
L 0.3682677 0.2777165 0.3682677 0.2877165 0 P 0
L 0.3682677 0.2777165 0.3782677 0.2777165 0 P 0
L 0.3701575 0.2238583 0.3701575 0.2438583 0 P 0
L 0.3701575 0.2238583 0.3801575 0.2238583 0 P 0
L 0.3701575 0.2438583 0.3801575 0.2438583 0 P 0
L 0.3701575 1.0238583 0.3701575 1.0438583 0 P 0
L 0.3701575 1.0238583 0.3801575 1.0238583 0 P 0
L 0.3701575 1.0438583 0.3801575 1.0438583 0 P 0
L 0.3761417 0.5551181 0.3861417 0.5351181 0 P 0
L 0.3761417 0.5551181 0.3861417 0.5751181 0 P 0
L 0.3782677 0.2577165 0.3782677 0.2777165 0 P 0
L 0.3801575 0.2138583 0.3801575 0.2238583 0 P 0
L 0.3801575 0.2138583 0.4001575 0.2138583 0 P 0
L 0.3801575 0.2438583 0.3801575 0.2538583 0 P 0
L 0.3801575 0.2538583 0.4001575 0.2538583 0 P 0
L 0.3801575 1.0138583 0.3801575 1.0238583 0 P 0
L 0.3801575 1.0138583 0.4001575 1.0138583 0 P 0
L 0.3801575 1.0438583 0.3801575 1.0538583 0 P 0
L 0.3801575 1.0538583 0.4001575 1.0538583 0 P 0
L 0.3855118 0.3107087 0.3955118 0.3307087 0 P 0
L 0.3855118 0.3107087 0.4055118 0.3207087 0 P 0
L 0.3855118 0.3507087 0.3955118 0.3307087 0 P 0
L 0.3855118 0.3507087 0.4055118 0.3407087 0 P 0
L 0.4001575 0.2138583 0.4001575 0.2238583 0 P 0
L 0.4001575 0.2238583 0.4101575 0.2238583 0 P 0
L 0.4001575 0.2438583 0.4001575 0.2538583 0 P 0
L 0.4001575 0.2438583 0.4101575 0.2438583 0 P 0
L 0.4001575 1.0138583 0.4001575 1.0238583 0 P 0
L 0.4001575 1.0238583 0.4101575 1.0238583 0 P 0
L 0.4001575 1.0438583 0.4001575 1.0538583 0 P 0
L 0.4001575 1.0438583 0.4101575 1.0438583 0 P 0
L 0.4055118 0.3207087 0.4255118 0.3107087 0 P 0
L 0.4055118 0.3407087 0.4255118 0.3507087 0 P 0
L 0.4101575 0.2238583 0.4101575 0.2438583 0 P 0
L 0.4101575 1.0238583 0.4101575 1.0438583 0 P 0
L 0.4155118 0.3307087 0.4255118 0.3107087 0 P 0
L 0.4155118 0.3307087 0.4255118 0.3507087 0 P 0
L 0.4201575 0.1238583 0.4201575 0.1438583 0 P 0
L 0.4201575 0.1238583 0.4301575 0.1238583 0 P 0
L 0.4201575 0.1438583 0.4301575 0.1438583 0 P 0
L 0.4201575 0.9238583 0.4201575 0.9438583 0 P 0
L 0.4201575 0.9238583 0.4301575 0.9238583 0 P 0
L 0.4201575 0.9438583 0.4301575 0.9438583 0 P 0
L 0.4201575 1.1238583 0.4201575 1.1438583 0 P 0
L 0.4201575 1.1238583 0.4301575 1.1238583 0 P 0
L 0.4201575 1.1438583 0.4301575 1.1438583 0 P 0
L 0.4201575 1.3238583 0.4201575 1.3438583 0 P 0
L 0.4201575 1.3238583 0.4301575 1.3238583 0 P 0
L 0.4201575 1.3438583 0.4301575 1.3438583 0 P 0
L 0.4201575 1.5238583 0.4201575 1.5438583 0 P 0
L 0.4201575 1.5238583 0.4301575 1.5238583 0 P 0
L 0.4201575 1.5438583 0.4301575 1.5438583 0 P 0
L 0.4209449 0.2360631 0.4309449 0.2360631 0 P 0
L 0.4209449 0.2360631 0.4309449 0.2460631 0 P 0
L 0.4209449 0.2560631 0.4309449 0.2460631 0 P 0
L 0.4209449 0.2560631 0.4309449 0.2560631 0 P 0
L 0.4301575 0.1138583 0.4301575 0.1238583 0 P 0
L 0.4301575 0.1138583 0.4501575 0.1138583 0 P 0
L 0.4301575 0.1438583 0.4301575 0.1538583 0 P 0
L 0.4301575 0.1538583 0.4501575 0.1538583 0 P 0
L 0.4301575 0.9138583 0.4301575 0.9238583 0 P 0
L 0.4301575 0.9138583 0.4501575 0.9138583 0 P 0
L 0.4301575 0.9438583 0.4301575 0.9538583 0 P 0
L 0.4301575 0.9538583 0.4501575 0.9538583 0 P 0
L 0.4301575 1.1138583 0.4301575 1.1238583 0 P 0
L 0.4301575 1.1138583 0.4501575 1.1138583 0 P 0
L 0.4301575 1.1438583 0.4301575 1.1538583 0 P 0
L 0.4301575 1.1538583 0.4501575 1.1538583 0 P 0
L 0.4301575 1.3138583 0.4301575 1.3238583 0 P 0
L 0.4301575 1.3138583 0.4501575 1.3138583 0 P 0
L 0.4301575 1.3438583 0.4301575 1.3538583 0 P 0
L 0.4301575 1.3538583 0.4501575 1.3538583 0 P 0
L 0.4301575 1.5138583 0.4301575 1.5238583 0 P 0
L 0.4301575 1.5138583 0.4501575 1.5138583 0 P 0
L 0.4301575 1.5438583 0.4301575 1.5538583 0 P 0
L 0.4301575 1.5538583 0.4501575 1.5538583 0 P 0
L 0.4309449 0.2360631 0.4409449 0.2260631 0 P 0
L 0.4309449 0.2560631 0.4409449 0.2660631 0 P 0
L 0.4409449 0.2260631 0.4509449 0.2360631 0 P 0
L 0.4409449 0.2660631 0.4509449 0.2560631 0 P 0
L 0.4501575 0.1138583 0.4501575 0.1238583 0 P 0
L 0.4501575 0.1238583 0.4601575 0.1238583 0 P 0
L 0.4501575 0.1438583 0.4501575 0.1538583 0 P 0
L 0.4501575 0.1438583 0.4601575 0.1438583 0 P 0
L 0.4501575 0.9138583 0.4501575 0.9238583 0 P 0
L 0.4501575 0.9238583 0.4601575 0.9238583 0 P 0
L 0.4501575 0.9438583 0.4501575 0.9538583 0 P 0
L 0.4501575 0.9438583 0.4601575 0.9438583 0 P 0
L 0.4501575 1.1138583 0.4501575 1.1238583 0 P 0
L 0.4501575 1.1238583 0.4601575 1.1238583 0 P 0
L 0.4501575 1.1438583 0.4501575 1.1538583 0 P 0
L 0.4501575 1.1438583 0.4601575 1.1438583 0 P 0
L 0.4501575 1.3138583 0.4501575 1.3238583 0 P 0
L 0.4501575 1.3238583 0.4601575 1.3238583 0 P 0
L 0.4501575 1.3438583 0.4501575 1.3538583 0 P 0
L 0.4501575 1.3438583 0.4601575 1.3438583 0 P 0
L 0.4501575 1.5138583 0.4501575 1.5238583 0 P 0
L 0.4501575 1.5238583 0.4601575 1.5238583 0 P 0
L 0.4501575 1.5438583 0.4501575 1.5538583 0 P 0
L 0.4501575 1.5438583 0.4601575 1.5438583 0 P 0
L 0.4509449 0.2360631 0.4609449 0.2360631 0 P 0
L 0.4509449 0.2460631 0.4609449 0.2360631 0 P 0
L 0.4509449 0.2460631 0.4609449 0.2560631 0 P 0
L 0.4509449 0.2560631 0.4609449 0.2560631 0 P 0
L 0.4601575 0.1238583 0.4601575 0.1438583 0 P 0
L 0.4601575 0.9238583 0.4601575 0.9438583 0 P 0
L 0.4601575 1.1238583 0.4601575 1.1438583 0 P 0
L 0.4601575 1.3238583 0.4601575 1.3438583 0 P 0
L 0.4601575 1.5238583 0.4601575 1.5438583 0 P 0
L 0.4701575 1.0238583 0.4701575 1.0438583 0 P 0
L 0.4701575 1.0238583 0.4801575 1.0238583 0 P 0
L 0.4701575 1.0438583 0.4801575 1.0438583 0 P 0
L 0.4801575 1.0138583 0.4801575 1.0238583 0 P 0
L 0.4801575 1.0138583 0.5001575 1.0138583 0 P 0
L 0.4801575 1.0438583 0.4801575 1.0538583 0 P 0
L 0.4801575 1.0538583 0.5001575 1.0538583 0 P 0
L 0.4996851 0.2360631 0.5096851 0.2360631 0 P 0
L 0.4996851 0.2360631 0.5096851 0.2460631 0 P 0
L 0.4996851 0.2560631 0.5096851 0.2460631 0 P 0
L 0.4996851 0.2560631 0.5096851 0.2560631 0 P 0
L 0.5001575 1.0138583 0.5001575 1.0238583 0 P 0
L 0.5001575 1.0238583 0.5101575 1.0238583 0 P 0
L 0.5001575 1.0438583 0.5001575 1.0538583 0 P 0
L 0.5001575 1.0438583 0.5101575 1.0438583 0 P 0
L 0.5096851 0.2360631 0.5196851 0.2260631 0 P 0
L 0.5096851 0.2560631 0.5196851 0.2660631 0 P 0
L 0.5101575 1.0238583 0.5101575 1.0438583 0 P 0
L 0.5196851 0.2260631 0.5296851 0.2360631 0 P 0
L 0.5196851 0.2660631 0.5296851 0.2560631 0 P 0
L 0.5201575 0.1238583 0.5201575 0.1438583 0 P 0
L 0.5201575 0.1238583 0.5301575 0.1238583 0 P 0
L 0.5201575 0.1438583 0.5301575 0.1438583 0 P 0
L 0.5201575 0.9238583 0.5201575 0.9438583 0 P 0
L 0.5201575 0.9238583 0.5301575 0.9238583 0 P 0
L 0.5201575 0.9438583 0.5301575 0.9438583 0 P 0
L 0.5201575 1.1238583 0.5201575 1.1438583 0 P 0
L 0.5201575 1.1238583 0.5301575 1.1238583 0 P 0
L 0.5201575 1.1438583 0.5301575 1.1438583 0 P 0
L 0.5201575 1.3238583 0.5201575 1.3438583 0 P 0
L 0.5201575 1.3238583 0.5301575 1.3238583 0 P 0
L 0.5201575 1.3438583 0.5301575 1.3438583 0 P 0
L 0.5201575 1.5238583 0.5201575 1.5438583 0 P 0
L 0.5201575 1.5238583 0.5301575 1.5238583 0 P 0
L 0.5201575 1.5438583 0.5301575 1.5438583 0 P 0
L 0.5296851 0.2360631 0.5396851 0.2360631 0 P 0
L 0.5296851 0.2460631 0.5396851 0.2360631 0 P 0
L 0.5296851 0.2460631 0.5396851 0.2560631 0 P 0
L 0.5296851 0.2560631 0.5396851 0.2560631 0 P 0
L 0.5301575 0.1138583 0.5301575 0.1238583 0 P 0
L 0.5301575 0.1138583 0.5501575 0.1138583 0 P 0
L 0.5301575 0.1438583 0.5301575 0.1538583 0 P 0
L 0.5301575 0.1538583 0.5501575 0.1538583 0 P 0
L 0.5301575 0.9138583 0.5301575 0.9238583 0 P 0
L 0.5301575 0.9138583 0.5501575 0.9138583 0 P 0
L 0.5301575 0.9438583 0.5301575 0.9538583 0 P 0
L 0.5301575 0.9538583 0.5501575 0.9538583 0 P 0
L 0.5301575 1.1138583 0.5301575 1.1238583 0 P 0
L 0.5301575 1.1138583 0.5501575 1.1138583 0 P 0
L 0.5301575 1.1438583 0.5301575 1.1538583 0 P 0
L 0.5301575 1.1538583 0.5501575 1.1538583 0 P 0
L 0.5301575 1.3138583 0.5301575 1.3238583 0 P 0
L 0.5301575 1.3138583 0.5501575 1.3138583 0 P 0
L 0.5301575 1.3438583 0.5301575 1.3538583 0 P 0
L 0.5301575 1.3538583 0.5501575 1.3538583 0 P 0
L 0.5301575 1.5138583 0.5301575 1.5238583 0 P 0
L 0.5301575 1.5138583 0.5501575 1.5138583 0 P 0
L 0.5301575 1.5438583 0.5301575 1.5538583 0 P 0
L 0.5301575 1.5538583 0.5501575 1.5538583 0 P 0
L 0.5501575 0.1138583 0.5501575 0.1238583 0 P 0
L 0.5501575 0.1238583 0.5601575 0.1238583 0 P 0
L 0.5501575 0.1438583 0.5501575 0.1538583 0 P 0
L 0.5501575 0.1438583 0.5601575 0.1438583 0 P 0
L 0.5501575 0.9138583 0.5501575 0.9238583 0 P 0
L 0.5501575 0.9238583 0.5601575 0.9238583 0 P 0
L 0.5501575 0.9438583 0.5501575 0.9538583 0 P 0
L 0.5501575 0.9438583 0.5601575 0.9438583 0 P 0
L 0.5501575 1.1138583 0.5501575 1.1238583 0 P 0
L 0.5501575 1.1238583 0.5601575 1.1238583 0 P 0
L 0.5501575 1.1438583 0.5501575 1.1538583 0 P 0
L 0.5501575 1.1438583 0.5601575 1.1438583 0 P 0
L 0.5501575 1.3138583 0.5501575 1.3238583 0 P 0
L 0.5501575 1.3238583 0.5601575 1.3238583 0 P 0
L 0.5501575 1.3438583 0.5501575 1.3538583 0 P 0
L 0.5501575 1.3438583 0.5601575 1.3438583 0 P 0
L 0.5501575 1.5138583 0.5501575 1.5238583 0 P 0
L 0.5501575 1.5238583 0.5601575 1.5238583 0 P 0
L 0.5501575 1.5438583 0.5501575 1.5538583 0 P 0
L 0.5501575 1.5438583 0.5601575 1.5438583 0 P 0
L 0.5601575 0.1238583 0.5601575 0.1438583 0 P 0
L 0.5601575 0.9238583 0.5601575 0.9438583 0 P 0
L 0.5601575 1.1238583 0.5601575 1.1438583 0 P 0
L 0.5601575 1.3238583 0.5601575 1.3438583 0 P 0
L 0.5601575 1.5238583 0.5601575 1.5438583 0 P 0
L 0.5701575 0.2238583 0.5701575 0.2438583 0 P 0
L 0.5701575 0.2238583 0.5801575 0.2238583 0 P 0
L 0.5701575 0.2438583 0.5801575 0.2438583 0 P 0
L 0.5701575 1.4238583 0.5701575 1.4438583 0 P 0
L 0.5701575 1.4238583 0.5801575 1.4238583 0 P 0
L 0.5701575 1.4438583 0.5801575 1.4438583 0 P 0
L 0.5705512 0.6907874 0.5705512 0.7107874 0 P 0
L 0.5705512 0.6907874 0.5805512 0.6907874 0 P 0
L 0.5705512 0.7107874 0.5805512 0.7107874 0 P 0
L 0.5801575 0.2138583 0.5801575 0.2238583 0 P 0
L 0.5801575 0.2138583 0.6001575 0.2138583 0 P 0
L 0.5801575 0.2438583 0.5801575 0.2538583 0 P 0
L 0.5801575 0.2538583 0.6001575 0.2538583 0 P 0
L 0.5801575 1.4138583 0.5801575 1.4238583 0 P 0
L 0.5801575 1.4138583 0.6001575 1.4138583 0 P 0
L 0.5801575 1.4438583 0.5801575 1.4538583 0 P 0
L 0.5801575 1.4538583 0.6001575 1.4538583 0 P 0
L 0.5805512 0.6807874 0.5805512 0.6907874 0 P 0
L 0.5805512 0.6807874 0.6005512 0.6807874 0 P 0
L 0.5805512 0.7107874 0.5805512 0.7207874 0 P 0
L 0.5805512 0.7207874 0.6005512 0.7207874 0 P 0
L 0.5862992 0.2459055 0.5862992 0.2659055 0 P 0
L 0.5862992 0.2459055 0.5962992 0.2459055 0 P 0
L 0.5862992 0.2659055 0.5962992 0.2659055 0 P 0
L 0.5902362 0.6002362 0.5902362 0.6202362 0 P 0
L 0.5902362 0.6002362 0.6002362 0.6002362 0 P 0
L 0.5902362 0.6202362 0.6002362 0.6202362 0 P 0
L 0.5962992 0.2359055 0.5962992 0.2459055 0 P 0
L 0.5962992 0.2359055 0.6162992 0.2359055 0 P 0
L 0.5962992 0.2659055 0.5962992 0.2759055 0 P 0
L 0.5962992 0.2759055 0.6162992 0.2759055 0 P 0
L 0.6001575 0.2138583 0.6001575 0.2238583 0 P 0
L 0.6001575 0.2238583 0.6101575 0.2238583 0 P 0
L 0.6001575 0.2438583 0.6001575 0.2538583 0 P 0
L 0.6001575 0.2438583 0.6101575 0.2438583 0 P 0
L 0.6001575 1.4138583 0.6001575 1.4238583 0 P 0
L 0.6001575 1.4238583 0.6101575 1.4238583 0 P 0
L 0.6001575 1.4438583 0.6001575 1.4538583 0 P 0
L 0.6001575 1.4438583 0.6101575 1.4438583 0 P 0
L 0.6002362 0.5902362 0.6002362 0.6002362 0 P 0
L 0.6002362 0.5902362 0.6202362 0.5902362 0 P 0
L 0.6002362 0.6202362 0.6002362 0.6302362 0 P 0
L 0.6002362 0.6302362 0.6202362 0.6302362 0 P 0
L 0.6005512 0.6807874 0.6005512 0.6907874 0 P 0
L 0.6005512 0.6907874 0.6105512 0.6907874 0 P 0
L 0.6005512 0.7107874 0.6005512 0.7207874 0 P 0
L 0.6005512 0.7107874 0.6105512 0.7107874 0 P 0
L 0.6099213 0.8128346 0.6099213 0.8328346 0 P 0
L 0.6099213 0.8128346 0.6199213 0.8128346 0 P 0
L 0.6099213 0.8328346 0.6199213 0.8328346 0 P 0
L 0.6101575 0.2238583 0.6101575 0.2438583 0 P 0
L 0.6101575 1.4238583 0.6101575 1.4438583 0 P 0
L 0.6105512 0.6907874 0.6105512 0.7107874 0 P 0
L 0.6162992 0.2359055 0.6162992 0.2459055 0 P 0
L 0.6162992 0.2459055 0.6262992 0.2459055 0 P 0
L 0.6162992 0.2659055 0.6162992 0.2759055 0 P 0
L 0.6162992 0.2659055 0.6262992 0.2659055 0 P 0
L 0.6177953 0.5469291 0.6277953 0.5669291 0 P 0
L 0.6177953 0.5469291 0.6377953 0.5569291 0 P 0
L 0.6177953 0.5869291 0.6277953 0.5669291 0 P 0
L 0.6177953 0.5869291 0.6377953 0.5769291 0 P 0
L 0.6177953 0.7577165 0.6177953 0.7777165 0 P 0
L 0.6177953 0.7577165 0.6277953 0.7577165 0 P 0
L 0.6177953 0.7777165 0.6277953 0.7777165 0 P 0
L 0.6199213 0.8028346 0.6199213 0.8128346 0 P 0
L 0.6199213 0.8028346 0.6399213 0.8028346 0 P 0
L 0.6199213 0.8328346 0.6199213 0.8428346 0 P 0
L 0.6199213 0.8428346 0.6399213 0.8428346 0 P 0
L 0.6201575 0.1238583 0.6201575 0.1438583 0 P 0
L 0.6201575 0.1238583 0.6301575 0.1238583 0 P 0
L 0.6201575 0.1438583 0.6301575 0.1438583 0 P 0
L 0.6201575 1.1238583 0.6201575 1.1438583 0 P 0
L 0.6201575 1.1238583 0.6301575 1.1238583 0 P 0
L 0.6201575 1.1438583 0.6301575 1.1438583 0 P 0
L 0.6201575 1.3238583 0.6201575 1.3438583 0 P 0
L 0.6201575 1.3238583 0.6301575 1.3238583 0 P 0
L 0.6201575 1.3438583 0.6301575 1.3438583 0 P 0
L 0.6202362 0.5902362 0.6202362 0.6002362 0 P 0
L 0.6202362 0.6002362 0.6302362 0.6002362 0 P 0
L 0.6202362 0.6202362 0.6202362 0.6302362 0 P 0
L 0.6202362 0.6202362 0.6302362 0.6202362 0 P 0
L 0.6262992 0.2459055 0.6262992 0.2659055 0 P 0
L 0.6277953 0.7477165 0.6277953 0.7577165 0 P 0
L 0.6277953 0.7477165 0.6477953 0.7477165 0 P 0
L 0.6277953 0.7777165 0.6277953 0.7877165 0 P 0
L 0.6277953 0.7877165 0.6477953 0.7877165 0 P 0
L 0.6301575 0.1138583 0.6301575 0.1238583 0 P 0
L 0.6301575 0.1138583 0.6501575 0.1138583 0 P 0
L 0.6301575 0.1438583 0.6301575 0.1538583 0 P 0
L 0.6301575 0.1538583 0.6501575 0.1538583 0 P 0
L 0.6301575 1.1138583 0.6301575 1.1238583 0 P 0
L 0.6301575 1.1138583 0.6501575 1.1138583 0 P 0
L 0.6301575 1.1438583 0.6301575 1.1538583 0 P 0
L 0.6301575 1.1538583 0.6501575 1.1538583 0 P 0
L 0.6301575 1.3138583 0.6301575 1.3238583 0 P 0
L 0.6301575 1.3138583 0.6501575 1.3138583 0 P 0
L 0.6301575 1.3438583 0.6301575 1.3538583 0 P 0
L 0.6301575 1.3538583 0.6501575 1.3538583 0 P 0
L 0.6302362 0.6002362 0.6302362 0.6202362 0 P 0
L 0.6377953 0.5569291 0.6577953 0.5469291 0 P 0
L 0.6377953 0.5769291 0.6577953 0.5869291 0 P 0
L 0.6399213 0.8028346 0.6399213 0.8128346 0 P 0
L 0.6399213 0.8128346 0.6499213 0.8128346 0 P 0
L 0.6399213 0.8328346 0.6399213 0.8428346 0 P 0
L 0.6399213 0.8328346 0.6499213 0.8328346 0 P 0
L 0.6477953 0.5669291 0.6577953 0.5469291 0 P 0
L 0.6477953 0.5669291 0.6577953 0.5869291 0 P 0
L 0.6477953 0.7477165 0.6477953 0.7577165 0 P 0
L 0.6477953 0.7577165 0.6577953 0.7577165 0 P 0
L 0.6477953 0.7777165 0.6477953 0.7877165 0 P 0
L 0.6477953 0.7777165 0.6577953 0.7777165 0 P 0
L 0.6499213 0.8128346 0.6499213 0.8328346 0 P 0
L 0.6501575 0.1138583 0.6501575 0.1238583 0 P 0
L 0.6501575 0.1238583 0.6601575 0.1238583 0 P 0
L 0.6501575 0.1438583 0.6501575 0.1538583 0 P 0
L 0.6501575 0.1438583 0.6601575 0.1438583 0 P 0
L 0.6501575 1.1138583 0.6501575 1.1238583 0 P 0
L 0.6501575 1.1238583 0.6601575 1.1238583 0 P 0
L 0.6501575 1.1438583 0.6501575 1.1538583 0 P 0
L 0.6501575 1.1438583 0.6601575 1.1438583 0 P 0
L 0.6501575 1.3138583 0.6501575 1.3238583 0 P 0
L 0.6501575 1.3238583 0.6601575 1.3238583 0 P 0
L 0.6501575 1.3438583 0.6501575 1.3538583 0 P 0
L 0.6501575 1.3438583 0.6601575 1.3438583 0 P 0
L 0.6577953 0.7577165 0.6577953 0.7777165 0 P 0
L 0.6601575 0.1238583 0.6601575 0.1438583 0 P 0
L 0.6601575 1.1238583 0.6601575 1.1438583 0 P 0
L 0.6601575 1.3238583 0.6601575 1.3438583 0 P 0
L 0.6611024 0.7616535 0.6611024 0.7816535 0 P 0
L 0.6611024 0.7616535 0.6711024 0.7616535 0 P 0
L 0.6611024 0.7816535 0.6711024 0.7816535 0 P 0
L 0.6701575 0.2238583 0.6701575 0.2438583 0 P 0
L 0.6701575 0.2238583 0.6801575 0.2238583 0 P 0
L 0.6701575 0.2438583 0.6801575 0.2438583 0 P 0
L 0.6701575 1.2238583 0.6701575 1.2438583 0 P 0
L 0.6701575 1.2238583 0.6801575 1.2238583 0 P 0
L 0.6701575 1.2438583 0.6801575 1.2438583 0 P 0
L 0.6701575 1.4238583 0.6701575 1.4438583 0 P 0
L 0.6701575 1.4238583 0.6801575 1.4238583 0 P 0
L 0.6701575 1.4438583 0.6801575 1.4438583 0 P 0
L 0.6711024 0.7516535 0.6711024 0.7616535 0 P 0
L 0.6711024 0.7516535 0.6911024 0.7516535 0 P 0
L 0.6711024 0.7816535 0.6711024 0.7916535 0 P 0
L 0.6711024 0.7916535 0.6911024 0.7916535 0 P 0
L 0.6801575 0.2138583 0.6801575 0.2238583 0 P 0
L 0.6801575 0.2138583 0.7001575 0.2138583 0 P 0
L 0.6801575 0.2438583 0.6801575 0.2538583 0 P 0
L 0.6801575 0.2538583 0.7001575 0.2538583 0 P 0
L 0.6801575 1.2138583 0.6801575 1.2238583 0 P 0
L 0.6801575 1.2138583 0.7001575 1.2138583 0 P 0
L 0.6801575 1.2438583 0.6801575 1.2538583 0 P 0
L 0.6801575 1.2538583 0.7001575 1.2538583 0 P 0
L 0.6801575 1.4138583 0.6801575 1.4238583 0 P 0
L 0.6801575 1.4138583 0.7001575 1.4138583 0 P 0
L 0.6801575 1.4438583 0.6801575 1.4538583 0 P 0
L 0.6801575 1.4538583 0.7001575 1.4538583 0 P 0
L 0.6847244 0.6238583 0.6847244 0.6438583 0 P 0
L 0.6847244 0.6238583 0.6947244 0.6238583 0 P 0
L 0.6847244 0.6438583 0.6947244 0.6438583 0 P 0
L 0.6911024 0.7516535 0.6911024 0.7616535 0 P 0
L 0.6911024 0.7616535 0.7011024 0.7616535 0 P 0
L 0.6911024 0.7816535 0.6911024 0.7916535 0 P 0
L 0.6911024 0.7816535 0.7011024 0.7816535 0 P 0
L 0.6947244 0.6138583 0.6947244 0.6238583 0 P 0
L 0.6947244 0.6138583 0.7147244 0.6138583 0 P 0
L 0.6947244 0.6438583 0.6947244 0.6538583 0 P 0
L 0.6947244 0.6538583 0.7147244 0.6538583 0 P 0
L 0.7001575 0.2138583 0.7001575 0.2238583 0 P 0
L 0.7001575 0.2238583 0.7101575 0.2238583 0 P 0
L 0.7001575 0.2438583 0.7001575 0.2538583 0 P 0
L 0.7001575 0.2438583 0.7101575 0.2438583 0 P 0
L 0.7001575 1.2138583 0.7001575 1.2238583 0 P 0
L 0.7001575 1.2238583 0.7101575 1.2238583 0 P 0
L 0.7001575 1.2438583 0.7001575 1.2538583 0 P 0
L 0.7001575 1.2438583 0.7101575 1.2438583 0 P 0
L 0.7001575 1.4138583 0.7001575 1.4238583 0 P 0
L 0.7001575 1.4238583 0.7101575 1.4238583 0 P 0
L 0.7001575 1.4438583 0.7001575 1.4538583 0 P 0
L 0.7001575 1.4438583 0.7101575 1.4438583 0 P 0
L 0.7011024 0.7616535 0.7011024 0.7816535 0 P 0
L 0.7101575 0.2238583 0.7101575 0.2438583 0 P 0
L 0.7101575 1.2238583 0.7101575 1.2438583 0 P 0
L 0.7101575 1.4238583 0.7101575 1.4438583 0 P 0
L 0.7147244 0.6138583 0.7147244 0.6238583 0 P 0
L 0.7147244 0.6238583 0.7247244 0.6238583 0 P 0
L 0.7147244 0.6438583 0.7147244 0.6538583 0 P 0
L 0.7147244 0.6438583 0.7247244 0.6438583 0 P 0
L 0.7201575 0.1238583 0.7201575 0.1438583 0 P 0
L 0.7201575 0.1238583 0.7301575 0.1238583 0 P 0
L 0.7201575 0.1438583 0.7301575 0.1438583 0 P 0
L 0.7201575 1.1238583 0.7201575 1.1438583 0 P 0
L 0.7201575 1.1238583 0.7301575 1.1238583 0 P 0
L 0.7201575 1.1438583 0.7301575 1.1438583 0 P 0
L 0.7201575 1.3238583 0.7201575 1.3438583 0 P 0
L 0.7201575 1.3238583 0.7301575 1.3238583 0 P 0
L 0.7201575 1.3438583 0.7301575 1.3438583 0 P 0
L 0.7201575 1.5238583 0.7201575 1.5438583 0 P 0
L 0.7201575 1.5238583 0.7301575 1.5238583 0 P 0
L 0.7201575 1.5438583 0.7301575 1.5438583 0 P 0
L 0.7247244 0.6238583 0.7247244 0.6438583 0 P 0
L 0.7301575 0.1138583 0.7301575 0.1238583 0 P 0
L 0.7301575 0.1138583 0.7501575 0.1138583 0 P 0
L 0.7301575 0.1438583 0.7301575 0.1538583 0 P 0
L 0.7301575 0.1538583 0.7501575 0.1538583 0 P 0
L 0.7301575 1.1138583 0.7301575 1.1238583 0 P 0
L 0.7301575 1.1138583 0.7501575 1.1138583 0 P 0
L 0.7301575 1.1438583 0.7301575 1.1538583 0 P 0
L 0.7301575 1.1538583 0.7501575 1.1538583 0 P 0
L 0.7301575 1.3138583 0.7301575 1.3238583 0 P 0
L 0.7301575 1.3138583 0.7501575 1.3138583 0 P 0
L 0.7301575 1.3438583 0.7301575 1.3538583 0 P 0
L 0.7301575 1.3538583 0.7501575 1.3538583 0 P 0
L 0.7301575 1.5138583 0.7301575 1.5238583 0 P 0
L 0.7301575 1.5138583 0.7501575 1.5138583 0 P 0
L 0.7301575 1.5438583 0.7301575 1.5538583 0 P 0
L 0.7301575 1.5538583 0.7501575 1.5538583 0 P 0
L 0.732044 0.962261 0.732044 1.002261 0 P 0
L 0.732044 0.962261 0.772044 0.962261 0 P 0
L 0.732044 1.002261 0.772044 1.002261 0 P 0
L 0.732044 1.162261 0.732044 1.202261 0 P 0
L 0.732044 1.162261 0.772044 1.162261 0 P 0
L 0.732044 1.202261 0.772044 1.202261 0 P 0
L 0.732044 1.362261 0.732044 1.402261 0 P 0
L 0.732044 1.362261 0.772044 1.362261 0 P 0
L 0.732044 1.402261 0.772044 1.402261 0 P 0
L 0.732044 1.462261 0.732044 1.502261 0 P 0
L 0.732044 1.462261 0.772044 1.462261 0 P 0
L 0.732044 1.502261 0.772044 1.502261 0 P 0
L 0.7320472 0.8635138 0.7320472 0.9035138 0 P 0
L 0.7320472 0.8635138 0.7720472 0.8635138 0 P 0
L 0.7320472 0.9035138 0.7720472 0.9035138 0 P 0
L 0.7320472 1.0635138 0.7320472 1.1035138 0 P 0
L 0.7320472 1.0635138 0.7720472 1.0635138 0 P 0
L 0.7320472 1.1035138 0.7720472 1.1035138 0 P 0
L 0.7320472 1.2622638 0.7320472 1.3022638 0 P 0
L 0.7320472 1.2622638 0.7720472 1.2622638 0 P 0
L 0.7320472 1.3022638 0.7720472 1.3022638 0 P 0
L 0.7359055 0.6238583 0.7359055 0.6438583 0 P 0
L 0.7359055 0.6238583 0.7459055 0.6238583 0 P 0
L 0.7359055 0.6438583 0.7459055 0.6438583 0 P 0
L 0.7459055 0.6138583 0.7459055 0.6238583 0 P 0
L 0.7459055 0.6138583 0.7659055 0.6138583 0 P 0
L 0.7459055 0.6438583 0.7459055 0.6538583 0 P 0
L 0.7459055 0.6538583 0.7659055 0.6538583 0 P 0
L 0.7501575 0.1138583 0.7501575 0.1238583 0 P 0
L 0.7501575 0.1238583 0.7601575 0.1238583 0 P 0
L 0.7501575 0.1438583 0.7501575 0.1538583 0 P 0
L 0.7501575 0.1438583 0.7601575 0.1438583 0 P 0
L 0.7501575 1.1138583 0.7501575 1.1238583 0 P 0
L 0.7501575 1.1238583 0.7601575 1.1238583 0 P 0
L 0.7501575 1.1438583 0.7501575 1.1538583 0 P 0
L 0.7501575 1.1438583 0.7601575 1.1438583 0 P 0
L 0.7501575 1.3138583 0.7501575 1.3238583 0 P 0
L 0.7501575 1.3238583 0.7601575 1.3238583 0 P 0
L 0.7501575 1.3438583 0.7501575 1.3538583 0 P 0
L 0.7501575 1.3438583 0.7601575 1.3438583 0 P 0
L 0.7501575 1.5138583 0.7501575 1.5238583 0 P 0
L 0.7501575 1.5238583 0.7601575 1.5238583 0 P 0
L 0.7501575 1.5438583 0.7501575 1.5538583 0 P 0
L 0.7501575 1.5438583 0.7601575 1.5438583 0 P 0
L 0.7601575 0.1238583 0.7601575 0.1438583 0 P 0
L 0.7601575 1.1238583 0.7601575 1.1438583 0 P 0
L 0.7601575 1.3238583 0.7601575 1.3438583 0 P 0
L 0.7601575 1.5238583 0.7601575 1.5438583 0 P 0
L 0.7659055 0.6138583 0.7659055 0.6238583 0 P 0
L 0.7659055 0.6238583 0.7759055 0.6238583 0 P 0
L 0.7659055 0.6438583 0.7659055 0.6538583 0 P 0
L 0.7659055 0.6438583 0.7759055 0.6438583 0 P 0
L 0.7701575 1.0238583 0.7701575 1.0438583 0 P 0
L 0.7701575 1.0238583 0.7801575 1.0238583 0 P 0
L 0.7701575 1.0438583 0.7801575 1.0438583 0 P 0
L 0.7701575 1.2238583 0.7701575 1.2438583 0 P 0
L 0.7701575 1.2238583 0.7801575 1.2238583 0 P 0
L 0.7701575 1.2438583 0.7801575 1.2438583 0 P 0
L 0.7701575 1.4238583 0.7701575 1.4438583 0 P 0
L 0.7701575 1.4238583 0.7801575 1.4238583 0 P 0
L 0.7701575 1.4438583 0.7801575 1.4438583 0 P 0
L 0.772044 0.962261 0.772044 1.002261 0 P 0
L 0.772044 1.162261 0.772044 1.202261 0 P 0
L 0.772044 1.362261 0.772044 1.402261 0 P 0
L 0.772044 1.462261 0.772044 1.502261 0 P 0
L 0.7720472 0.8635138 0.7720472 0.9035138 0 P 0
L 0.7720472 1.0635138 0.7720472 1.1035138 0 P 0
L 0.7720472 1.2622638 0.7720472 1.3022638 0 P 0
L 0.7759055 0.6238583 0.7759055 0.6438583 0 P 0
L 0.7801575 1.0138583 0.7801575 1.0238583 0 P 0
L 0.7801575 1.0138583 0.8001575 1.0138583 0 P 0
L 0.7801575 1.0438583 0.7801575 1.0538583 0 P 0
L 0.7801575 1.0538583 0.8001575 1.0538583 0 P 0
L 0.7801575 1.2138583 0.7801575 1.2238583 0 P 0
L 0.7801575 1.2138583 0.8001575 1.2138583 0 P 0
L 0.7801575 1.2438583 0.7801575 1.2538583 0 P 0
L 0.7801575 1.2538583 0.8001575 1.2538583 0 P 0
L 0.7801575 1.4138583 0.7801575 1.4238583 0 P 0
L 0.7801575 1.4138583 0.8001575 1.4138583 0 P 0
L 0.7801575 1.4438583 0.7801575 1.4538583 0 P 0
L 0.7801575 1.4538583 0.8001575 1.4538583 0 P 0
L 0.7820472 0.902261 0.8020472 0.862261 0 P 0
L 0.7820472 0.902261 0.8220472 0.902261 0 P 0
L 0.7820472 1.002261 0.8020472 0.962261 0 P 0
L 0.7820472 1.002261 0.8220472 1.002261 0 P 0
L 0.7820472 1.1047282 0.8020472 1.0647282 0 P 0
L 0.7820472 1.1047282 0.8220472 1.1047282 0 P 0
L 0.7820472 1.202261 0.8020472 1.162261 0 P 0
L 0.7820472 1.202261 0.8220472 1.202261 0 P 0
L 0.7820472 1.3022638 0.8020472 1.2622638 0 P 0
L 0.7820472 1.3022638 0.8220472 1.3022638 0 P 0
L 0.7820472 1.402261 0.8020472 1.362261 0 P 0
L 0.7820472 1.402261 0.8220472 1.402261 0 P 0
L 0.7820472 1.502261 0.8020472 1.462261 0 P 0
L 0.7820472 1.502261 0.8220472 1.502261 0 P 0
L 0.7829922 0.3248032 0.7829922 0.3448032 0 P 0
L 0.7829922 0.3248032 0.7929922 0.3248032 0 P 0
L 0.7829922 0.3448032 0.7929922 0.3448032 0 P 0
L 0.7870866 0.6238583 0.7870866 0.6438583 0 P 0
L 0.7870866 0.6238583 0.7970866 0.6238583 0 P 0
L 0.7870866 0.6438583 0.7970866 0.6438583 0 P 0
L 0.7929922 0.3148032 0.7929922 0.3248032 0 P 0
L 0.7929922 0.3148032 0.8129922 0.3148032 0 P 0
L 0.7929922 0.3448032 0.7929922 0.3548032 0 P 0
L 0.7929922 0.3548032 0.8129922 0.3548032 0 P 0
L 0.7970866 0.6138583 0.7970866 0.6238583 0 P 0
L 0.7970866 0.6138583 0.8170866 0.6138583 0 P 0
L 0.7970866 0.6438583 0.7970866 0.6538583 0 P 0
L 0.7970866 0.6538583 0.8170866 0.6538583 0 P 0
L 0.8001575 1.0138583 0.8001575 1.0238583 0 P 0
L 0.8001575 1.0238583 0.8101575 1.0238583 0 P 0
L 0.8001575 1.0438583 0.8001575 1.0538583 0 P 0
L 0.8001575 1.0438583 0.8101575 1.0438583 0 P 0
L 0.8001575 1.2138583 0.8001575 1.2238583 0 P 0
L 0.8001575 1.2238583 0.8101575 1.2238583 0 P 0
L 0.8001575 1.2438583 0.8001575 1.2538583 0 P 0
L 0.8001575 1.2438583 0.8101575 1.2438583 0 P 0
L 0.8001575 1.4138583 0.8001575 1.4238583 0 P 0
L 0.8001575 1.4238583 0.8101575 1.4238583 0 P 0
L 0.8001575 1.4438583 0.8001575 1.4538583 0 P 0
L 0.8001575 1.4438583 0.8101575 1.4438583 0 P 0
L 0.8020472 0.862261 0.8220472 0.902261 0 P 0
L 0.8020472 0.962261 0.8220472 1.002261 0 P 0
L 0.8020472 1.0647282 0.8220472 1.1047282 0 P 0
L 0.8020472 1.162261 0.8220472 1.202261 0 P 0
L 0.8020472 1.2622638 0.8220472 1.3022638 0 P 0
L 0.8020472 1.362261 0.8220472 1.402261 0 P 0
L 0.8020472 1.462261 0.8220472 1.502261 0 P 0
L 0.8101575 1.0238583 0.8101575 1.0438583 0 P 0
L 0.8101575 1.2238583 0.8101575 1.2438583 0 P 0
L 0.8101575 1.4238583 0.8101575 1.4438583 0 P 0
L 0.8129922 0.3148032 0.8129922 0.3248032 0 P 0
L 0.8129922 0.3248032 0.8229922 0.3248032 0 P 0
L 0.8129922 0.3448032 0.8129922 0.3548032 0 P 0
L 0.8129922 0.3448032 0.8229922 0.3448032 0 P 0
L 0.8170866 0.6138583 0.8170866 0.6238583 0 P 0
L 0.8170866 0.6238583 0.8270866 0.6238583 0 P 0
L 0.8170866 0.6438583 0.8170866 0.6538583 0 P 0
L 0.8170866 0.6438583 0.8270866 0.6438583 0 P 0
L 0.8229922 0.3248032 0.8229922 0.3448032 0 P 0
L 0.8270866 0.6238583 0.8270866 0.6438583 0 P 0
L 0.8343307 0.3482677 0.8343307 0.3682677 0 P 0
L 0.8343307 0.3482677 0.8443307 0.3482677 0 P 0
L 0.8343307 0.3682677 0.8443307 0.3682677 0 P 0
L 0.8382677 0.6238583 0.8382677 0.6438583 0 P 0
L 0.8382677 0.6238583 0.8482677 0.6238583 0 P 0
L 0.8382677 0.6438583 0.8482677 0.6438583 0 P 0
L 0.8443307 0.3382677 0.8443307 0.3482677 0 P 0
L 0.8443307 0.3382677 0.8643307 0.3382677 0 P 0
L 0.8443307 0.3682677 0.8443307 0.3782677 0 P 0
L 0.8443307 0.3782677 0.8643307 0.3782677 0 P 0
L 0.8482677 0.6138583 0.8482677 0.6238583 0 P 0
L 0.8482677 0.6138583 0.8682677 0.6138583 0 P 0
L 0.8482677 0.6438583 0.8482677 0.6538583 0 P 0
L 0.8482677 0.6538583 0.8682677 0.6538583 0 P 0
L 0.8643307 0.3382677 0.8643307 0.3482677 0 P 0
L 0.8643307 0.3482677 0.8743307 0.3482677 0 P 0
L 0.8643307 0.3682677 0.8643307 0.3782677 0 P 0
L 0.8643307 0.3682677 0.8743307 0.3682677 0 P 0
L 0.8682677 0.6138583 0.8682677 0.6238583 0 P 0
L 0.8682677 0.6238583 0.8782677 0.6238583 0 P 0
L 0.8682677 0.6438583 0.8682677 0.6538583 0 P 0
L 0.8682677 0.6438583 0.8782677 0.6438583 0 P 0
L 0.8743307 0.3482677 0.8743307 0.3682677 0 P 0
L 0.8782677 0.6238583 0.8782677 0.6438583 0 P 0
