#Layer_Color=16711935
#
#Feature symbol names
#
$0 r7.874
$1 r5
$2 r1
$3 r3.937
$4 r3

#
#Feature attribute names
#
@0 .nomenclature
@1 .string
@2 .string_angle

#
#Feature attribute text strings
#
&0 \*

#
#Layer features
#
A 0.208661 0.3110237 0.208661 0.3110237 0.204724 0.3110237 0 P 0 N
A 0.8267716 0.4116143 0.8267716 0.4116143 0.8228346 0.4116143 0 P 0 N
L 0.0078736 0.3346457 0.0078736 0.7362205 1 P 0
L 0.0078736 0.3346457 0.5905508 0.3346457 1 P 0
L 0.0078736 0.7362205 0.5905508 0.7362205 1 P 0
L 0.1208662 0.264567 0.1208662 0.2866142 1 P 0
L 0.1208662 0.264567 0.1625984 0.264567 1 P 0
L 0.1208662 0.2866142 0.1625984 0.2866142 1 P 0
L 0.1485511 0.0395984 0.1485511 0.2125984 2 P 0
L 0.1485511 0.0395984 0.2825511 0.0395984 2 P 0
L 0.1485511 0.2125984 0.2825511 0.2125984 2 P 0
L 0.1622283 0.0315984 0.1622283 0.0395984 2 P 0
L 0.1622283 0.0315984 0.1842283 0.0315984 2 P 0
L 0.1622283 0.0395984 0.1842283 0.0395984 2 P 0
L 0.1622283 0.2125984 0.1622283 0.2205984 2 P 0
L 0.1622283 0.2125984 0.1842283 0.2125984 2 P 0
L 0.1622283 0.2205984 0.1842283 0.2205984 2 P 0
L 0.1625984 0.264567 0.1625984 0.2866142 1 P 0
L 0.1842283 0.0315984 0.1842283 0.0395984 2 P 0
L 0.1842283 0.2125984 0.1842283 0.2205984 2 P 0
L 0.1983465 0.264567 0.1983465 0.2866142 1 P 0
L 0.1983465 0.264567 0.2400787 0.264567 1 P 0
L 0.1983465 0.2866142 0.2400787 0.2866142 1 P 0
L 0.2252045 0.1934371 0.2585271 0.1934371 4 P 0 ;0,1=0,2=270.000000
L 0.2252045 0.2100984 0.2585271 0.1767758 4 P 0 ;0,1=0,2=270.000000
L 0.2400787 0.264567 0.2400787 0.2866142 1 P 0
L 0.2418658 0.2100984 0.2418658 0.1767758 4 P 0 ;0,1=0,2=270.000000
L 0.2468739 0.0315984 0.2468739 0.0395984 2 P 0
L 0.2468739 0.0315984 0.2688739 0.0315984 2 P 0
L 0.2468739 0.0395984 0.2688739 0.0395984 2 P 0
L 0.2468739 0.2125984 0.2468739 0.2205984 2 P 0
L 0.2468739 0.2125984 0.2688739 0.2125984 2 P 0
L 0.2468739 0.2205984 0.2688739 0.2205984 2 P 0
L 0.2585271 0.2100984 0.2252045 0.1767758 4 P 0 ;0,1=0,2=270.000000
L 0.2688739 0.0315984 0.2688739 0.0395984 2 P 0
L 0.2688739 0.2125984 0.2688739 0.2205984 2 P 0
L 0.2783465 0.264567 0.2783465 0.2866142 1 P 0
L 0.2783465 0.264567 0.3200787 0.264567 1 P 0
L 0.2783465 0.2866142 0.3200787 0.2866142 1 P 0
L 0.2825511 0.0395984 0.2825511 0.2125984 2 P 0
L 0.3200787 0.264567 0.3200787 0.2866142 1 P 0
L 0.3641712 0.0000016 0.3641712 0.299224 3 P 0
L 0.3641808 0.0000112 0.5964656 0.0000112 3 P 0
L 0.3641808 0.299224 0.4035312 0.299224 3 P 0
L 0.4035312 0.299224 0.4035408 0.2992144 3 P 0
L 0.4035408 0.2362224 0.4035408 0.2992144 3 P 0
L 0.4035408 0.2362224 0.5570864 0.2362224 3 P 0
L 0.5570864 0.2362224 0.5570864 0.2992144 3 P 0
L 0.5570864 0.2992144 0.596456 0.2992144 3 P 0
L 0.5905508 0.3346457 0.5905508 0.7362205 1 P 0
L 0.5964656 0.0000112 0.5964656 0.299224 3 P 0
L 0.6208662 0.6582677 0.6208662 0.6803149 1 P 0
L 0.6208662 0.6582677 0.6625984 0.6582677 1 P 0
L 0.6208662 0.6803149 0.6625984 0.6803149 1 P 0
L 0.6208662 0.7094488 0.6208662 0.731496 1 P 0
L 0.6208662 0.7094488 0.6625984 0.7094488 1 P 0
L 0.6208662 0.731496 0.6625984 0.731496 1 P 0
L 0.6385827 0.2547245 0.6385827 0.2964567 1 P 0
L 0.6385827 0.2547245 0.6606299 0.2547245 1 P 0
L 0.6385827 0.2964567 0.6606299 0.2964567 1 P 0
L 0.6606299 0.2547245 0.6606299 0.2964567 1 P 0
L 0.6625984 0.6582677 0.6625984 0.6803149 1 P 0
L 0.6625984 0.7094488 0.6625984 0.731496 1 P 0
L 0.6937008 0.2547245 0.6937008 0.2964567 1 P 0
L 0.6937008 0.2547245 0.715748 0.2547245 1 P 0
L 0.6937008 0.2964567 0.715748 0.2964567 1 P 0
L 0.6947244 0.6797874 0.6947244 0.6917874 2 P 0
L 0.6947244 0.6797874 0.6947244 0.7217874 2 P 0
L 0.6947244 0.6797874 0.7147244 0.6797874 2 P 0
L 0.6947244 0.6797874 0.7147244 0.6797874 2 P 0
L 0.6947244 0.6917874 0.7147244 0.6917874 2 P 0
L 0.6947244 0.7097874 0.6947244 0.7217874 2 P 0
L 0.6947244 0.7097874 0.7147244 0.7097874 2 P 0
L 0.6947244 0.7217874 0.7147244 0.7217874 2 P 0
L 0.6947244 0.7217874 0.7147244 0.7217874 2 P 0
L 0.7147244 0.6797874 0.7147244 0.6917874 2 P 0
L 0.7147244 0.6797874 0.7147244 0.7217874 2 P 0
L 0.7147244 0.7097874 0.7147244 0.7217874 2 P 0
L 0.7153543 0.4318899 0.7153543 0.5523623 1 P 0
L 0.7153543 0.4318899 0.8358267 0.4318899 1 P 0
L 0.7153543 0.5523623 0.8358267 0.5523623 1 P 0
L 0.715748 0.2547245 0.715748 0.2964567 1 P 0
L 0.7459055 0.6797874 0.7459055 0.6917874 2 P 0
L 0.7459055 0.6797874 0.7459055 0.7217874 2 P 0
L 0.7459055 0.6797874 0.7659055 0.6797874 2 P 0
L 0.7459055 0.6797874 0.7659055 0.6797874 2 P 0
L 0.7459055 0.6917874 0.7659055 0.6917874 2 P 0
L 0.7459055 0.7097874 0.7459055 0.7217874 2 P 0
L 0.7459055 0.7097874 0.7659055 0.7097874 2 P 0
L 0.7459055 0.7217874 0.7659055 0.7217874 2 P 0
L 0.7459055 0.7217874 0.7659055 0.7217874 2 P 0
L 0.7488189 0.2599213 0.7488189 0.3016535 1 P 0
L 0.7488189 0.2599213 0.7708661 0.2599213 1 P 0
L 0.7488189 0.3016535 0.7708661 0.3016535 1 P 0
L 0.7659055 0.6797874 0.7659055 0.6917874 2 P 0
L 0.7659055 0.6797874 0.7659055 0.7217874 2 P 0
L 0.7659055 0.7097874 0.7659055 0.7217874 2 P 0
L 0.7708661 0.2599213 0.7708661 0.3016535 1 P 0
L 0.7970866 0.6797874 0.7970866 0.6917874 2 P 0
L 0.7970866 0.6797874 0.7970866 0.7217874 2 P 0
L 0.7970866 0.6797874 0.8170866 0.6797874 2 P 0
L 0.7970866 0.6797874 0.8170866 0.6797874 2 P 0
L 0.7970866 0.6917874 0.8170866 0.6917874 2 P 0
L 0.7970866 0.7097874 0.7970866 0.7217874 2 P 0
L 0.7970866 0.7097874 0.8170866 0.7097874 2 P 0
L 0.7970866 0.7217874 0.8170866 0.7217874 2 P 0
L 0.7970866 0.7217874 0.8170866 0.7217874 2 P 0
L 0.8 0.2599213 0.8 0.3016535 1 P 0
L 0.8 0.2599213 0.8220472 0.2599213 1 P 0
L 0.8 0.3016535 0.8220472 0.3016535 1 P 0
L 0.8170866 0.6797874 0.8170866 0.6917874 2 P 0
L 0.8170866 0.6797874 0.8170866 0.7217874 2 P 0
L 0.8170866 0.7097874 0.8170866 0.7217874 2 P 0
L 0.8220472 0.2599213 0.8220472 0.3016535 1 P 0
L 0.8358267 0.4318899 0.8358267 0.5523623 1 P 0
L 0.8482677 0.6797874 0.8482677 0.6917874 2 P 0
L 0.8482677 0.6797874 0.8482677 0.7217874 2 P 0
L 0.8482677 0.6797874 0.8682677 0.6797874 2 P 0
L 0.8482677 0.6797874 0.8682677 0.6797874 2 P 0
L 0.8482677 0.6917874 0.8682677 0.6917874 2 P 0
L 0.8482677 0.7097874 0.8482677 0.7217874 2 P 0
L 0.8482677 0.7097874 0.8682677 0.7097874 2 P 0
L 0.8482677 0.7217874 0.8682677 0.7217874 2 P 0
L 0.8482677 0.7217874 0.8682677 0.7217874 2 P 0
L 0.8511811 0.2599213 0.8511811 0.3016535 1 P 0
L 0.8511811 0.2599213 0.8732283 0.2599213 1 P 0
L 0.8511811 0.3016535 0.8732283 0.3016535 1 P 0
L 0.8682677 0.6797874 0.8682677 0.6917874 2 P 0
L 0.8682677 0.6797874 0.8682677 0.7217874 2 P 0
L 0.8682677 0.7097874 0.8682677 0.7217874 2 P 0
L 0.8732283 0.2599213 0.8732283 0.3016535 1 P 0
